pos1	pos2	AA	AC	AG	AT	CA	CC	CG	CT	GA	GC	GG	GT	TA	TC	TG	TT
1	2	13972879	14053	14147	13930	14069	0	0	0	14049	0	0	0	13907	0	0	0
1	3	6986443	7051	7035	6970	7024	0	0	0	7036	0	0	0	6958	0	0	0
1	4	6986460	7020	7042	6977	7024	0	0	0	7036	0	0	0	6958	0	0	0
1	5	6986438	7029	7041	6991	7024	0	0	0	7036	0	0	0	6958	0	0	0
1	6	6986395	7039	7074	6991	7024	0	0	0	7036	0	0	0	6958	0	0	0
1	7	6986453	7034	7058	6954	7024	0	0	0	7036	0	0	0	6958	0	0	0
1	8	6986481	7063	7009	6946	7024	0	0	0	7036	0	0	0	6958	0	0	0
1	9	6986409	7060	7035	6995	7024	0	0	0	7036	0	0	0	6958	0	0	0
1	10	6986424	6998	7045	7032	7024	0	0	0	7036	0	0	0	6958	0	0	0
1	11	6986429	7018	7084	6968	7024	0	0	0	7036	0	0	0	6958	0	0	0
1	12	6986476	7028	7032	6963	7024	0	0	0	7036	0	0	0	6958	0	0	0
1	13	6986410	7016	7107	6966	7024	0	0	0	7036	0	0	0	6958	0	0	0
1	14	6986404	7097	7020	6978	7024	0	0	0	7036	0	0	0	6958	0	0	0
1	15	6986479	6997	7011	7012	7024	0	0	0	7036	0	0	0	6958	0	0	0
1	16	6986443	6992	7101	6963	7024	0	0	0	7036	0	0	0	6958	0	0	0
1	17	6986428	7036	7062	6973	7024	0	0	0	7036	0	0	0	6958	0	0	0
1	18	6986487	7005	7025	6982	7024	0	0	0	7036	0	0	0	6958	0	0	0
1	19	20959359	21141	21061	20868	21049	0	0	0	21173	0	0	0	20900	0	0	0
1	20	20959314	21086	21112	20917	21049	0	0	0	21173	0	0	0	20900	0	0	0
2	3	6986364	7029	7041	6991	7020	0	0	0	7112	0	0	0	6960	0	0	0
2	4	6986321	7039	7074	6991	7020	0	0	0	7112	0	0	0	6960	0	0	0
2	5	6986379	7034	7058	6954	7020	0	0	0	7112	0	0	0	6960	0	0	0
2	6	6986407	7063	7009	6946	7020	0	0	0	7112	0	0	0	6960	0	0	0
2	7	6986335	7060	7035	6995	7020	0	0	0	7112	0	0	0	6960	0	0	0
2	8	6986350	6998	7045	7032	7020	0	0	0	7112	0	0	0	6960	0	0	0
2	9	6986355	7018	7084	6968	7020	0	0	0	7112	0	0	0	6960	0	0	0
2	10	6986402	7028	7032	6963	7020	0	0	0	7112	0	0	0	6960	0	0	0
2	11	6986336	7016	7107	6966	7020	0	0	0	7112	0	0	0	6960	0	0	0
2	12	6986330	7097	7020	6978	7020	0	0	0	7112	0	0	0	6960	0	0	0
2	13	6986405	6997	7011	7012	7020	0	0	0	7112	0	0	0	6960	0	0	0
2	14	6986369	6992	7101	6963	7020	0	0	0	7112	0	0	0	6960	0	0	0
2	15	6986354	7036	7062	6973	7020	0	0	0	7112	0	0	0	6960	0	0	0
2	16	20959269	21030	21092	20941	21107	0	0	0	21209	0	0	0	20903	0	0	0
2	17	20959257	21119	21067	20889	21107	0	0	0	21209	0	0	0	20903	0	0	0
2	18	20959152	21105	21144	20931	21107	0	0	0	21209	0	0	0	20903	0	0	0
2	19	6986415	7034	7058	6954	7051	0	0	0	7035	0	0	0	6970	0	0	0
2	20	6986443	7063	7009	6946	7051	0	0	0	7035	0	0	0	6970	0	0	0
3	4	6986371	7060	7035	6995	7051	0	0	0	7035	0	0	0	6970	0	0	0
3	5	6986386	6998	7045	7032	7051	0	0	0	7035	0	0	0	6970	0	0	0
3	6	6986391	7018	7084	6968	7051	0	0	0	7035	0	0	0	6970	0	0	0
3	7	6986438	7028	7032	6963	7051	0	0	0	7035	0	0	0	6970	0	0	0
3	8	6986372	7016	7107	6966	7051	0	0	0	7035	0	0	0	6970	0	0	0
3	9	6986366	7097	7020	6978	7051	0	0	0	7035	0	0	0	6970	0	0	0
3	10	6986441	6997	7011	7012	7051	0	0	0	7035	0	0	0	6970	0	0	0
3	11	6986405	6992	7101	6963	7051	0	0	0	7035	0	0	0	6970	0	0	0
3	12	20959197	21101	21165	20937	21063	0	0	0	21178	0	0	0	20910	0	0	0
3	13	20959272	21049	21124	20955	21063	0	0	0	21178	0	0	0	20910	0	0	0
3	14	20959340	21124	21084	20852	21063	0	0	0	21178	0	0	0	20910	0	0	0
3	15	20959306	21129	21079	20886	21063	0	0	0	21178	0	0	0	20910	0	0	0
3	16	6986388	7060	7035	6995	7020	0	0	0	7042	0	0	0	6977	0	0	0
3	17	6986403	6998	7045	7032	7020	0	0	0	7042	0	0	0	6977	0	0	0
3	18	6986408	7018	7084	6968	7020	0	0	0	7042	0	0	0	6977	0	0	0
3	19	6986455	7028	7032	6963	7020	0	0	0	7042	0	0	0	6977	0	0	0
3	20	6986389	7016	7107	6966	7020	0	0	0	7042	0	0	0	6977	0	0	0
4	5	6986383	7097	7020	6978	7020	0	0	0	7042	0	0	0	6977	0	0	0
4	6	6986458	6997	7011	7012	7020	0	0	0	7042	0	0	0	6977	0	0	0
4	7	20959215	21023	21276	20917	21046	0	0	0	21094	0	0	0	20980	0	0	0
4	8	20959243	21106	21182	20900	21046	0	0	0	21094	0	0	0	20980	0	0	0
4	9	20959389	21073	21059	20910	21046	0	0	0	21094	0	0	0	20980	0	0	0
4	10	20959327	21150	21061	20893	21046	0	0	0	21094	0	0	0	20980	0	0	0
4	11	20959280	21064	21115	20972	21046	0	0	0	21094	0	0	0	20980	0	0	0
4	12	6986386	7018	7084	6968	7029	0	0	0	7041	0	0	0	6991	0	0	0
4	13	6986433	7028	7032	6963	7029	0	0	0	7041	0	0	0	6991	0	0	0
4	14	6986367	7016	7107	6966	7029	0	0	0	7041	0	0	0	6991	0	0	0
4	15	6986361	7097	7020	6978	7029	0	0	0	7041	0	0	0	6991	0	0	0
4	16	20959205	21028	21080	20978	21165	0	0	0	21135	0	0	0	20960	0	0	0
4	17	20959161	21047	21211	20872	21165	0	0	0	21135	0	0	0	20960	0	0	0
4	18	20959059	21132	21159	20941	21165	0	0	0	21135	0	0	0	20960	0	0	0
4	19	20959192	21008	21095	20996	21165	0	0	0	21135	0	0	0	20960	0	0	0
4	20	20959207	21108	21110	20866	21165	0	0	0	21135	0	0	0	20960	0	0	0
5	6	20959192	21094	21102	20903	21165	0	0	0	21135	0	0	0	20960	0	0	0
5	7	6986324	7016	7107	6966	7039	0	0	0	7074	0	0	0	6991	0	0	0
5	8	20959104	21257	21049	20902	21089	0	0	0	21239	0	0	0	20911	0	0	0
5	9	20959182	21054	21057	21019	21089	0	0	0	21239	0	0	0	20911	0	0	0
5	10	20959125	20982	21247	20958	21089	0	0	0	21239	0	0	0	20911	0	0	0
5	11	20959100	21090	21208	20914	21089	0	0	0	21239	0	0	0	20911	0	0	0
5	12	20959265	21038	21082	20927	21089	0	0	0	21239	0	0	0	20911	0	0	0
5	13	34932023	35182	35275	34825	35180	0	0	0	35280	0	0	0	34820	0	0	0
5	14	34931964	35258	35155	34928	35180	0	0	0	35280	0	0	0	34820	0	0	0
5	15	20959354	21012	21106	20992	21125	0	0	0	21099	0	0	0	20863	0	0	0
5	16	34932105	35038	35311	34884	35203	0	0	0	35218	0	0	0	34826	0	0	0
5	17	41918320	42140	42506	41814	42201	0	0	0	42263	0	0	0	41858	0	0	0
5	18	41918520	42260	42154	41846	42201	0	0	0	42263	0	0	0	41858	0	0	0
5	19	41918548	42116	42262	41854	42201	0	0	0	42263	0	0	0	41858	0	0	0
5	20	41918402	42244	42312	41822	42201	0	0	0	42263	0	0	0	41858	0	0	0
6	7	27945633	28066	28146	27970	28139	0	0	0	28173	0	0	0	27941	0	0	0
6	8	27945679	27994	28252	27890	28139	0	0	0	28173	0	0	0	27941	0	0	0
6	9	27945659	28162	28150	27844	28139	0	0	0	28173	0	0	0	27941	0	0	0
6	10	27945715	28076	28120	27904	28139	0	0	0	28173	0	0	0	27941	0	0	0
6	11	13972855	14090	14026	13898	14058	0	0	0	14080	0	0	0	14027	0	0	0
6	12	13972793	14066	14070	13940	14058	0	0	0	14080	0	0	0	14027	0	0	0
6	13	0	0	0	0	0	0	0	0	0	0	0	0	0	0	0	0
6	14	0	0	0	0	0	0	0	0	0	0	0	0	0	0	0	0
6	15	0	0	0	0	0	0	0	0	0	0	0	0	0	0	0	0
6	16	0	0	0	0	0	0	0	0	0	0	0	0	0	0	0	0
6	17	0	0	0	0	0	0	0	0	0	0	0	0	0	0	0	0
6	18	0	0	0	0	0	0	0	0	0	0	0	0	0	0	0	0
6	19	0	0	0	0	0	0	0	0	0	0	0	0	0	0	0	0
6	20	0	0	0	0	0	0	0	0	0	0	0	0	0	0	0	0
7	8	0	0	0	0	0	0	0	0	0	0	0	0	0	0	0	0
7	9	0	0	0	0	0	0	0	0	0	0	0	0	0	0	0	0
7	10	0	0	0	0	0	0	0	0	0	0	0	0	0	0	0	0
7	11	0	0	0	0	0	0	0	0	0	0	0	0	0	0	0	0
7	12	0	0	0	0	0	0	0	0	0	0	0	0	0	0	0	0
7	13	0	0	0	0	0	0	0	0	0	0	0	0	0	0	0	0
7	14	0	0	0	0	0	0	0	0	0	0	0	0	0	0	0	0
7	15	0	0	0	0	0	0	0	0	0	0	0	0	0	0	0	0
7	16	0	0	0	0	0	0	0	0	0	0	0	0	0	0	0	0
7	17	0	0	0	0	0	0	0	0	0	0	0	0	0	0	0	0
7	18	0	0	0	0	0	0	0	0	0	0	0	0	0	0	0	0
7	19	0	0	0	0	0	0	0	0	0	0	0	0	0	0	0	0
7	20	0	0	0	0	0	0	0	0	0	0	0	0	0	0	0	0
8	9	0	0	0	0	0	0	0	0	0	0	0	0	0	0	0	0
8	10	0	0	0	0	0	0	0	0	0	0	0	0	0	0	0	0
8	11	0	0	0	0	0	0	0	0	0	0	0	0	0	0	0	0
8	12	0	0	0	0	0	0	0	0	0	0	0	0	0	0	0	0
8	13	0	0	0	0	0	0	0	0	0	0	0	0	0	0	0	0
8	14	0	0	0	0	0	0	0	0	0	0	0	0	0	0	0	0
8	15	0	0	0	0	0	0	0	0	0	0	0	0	0	0	0	0
8	16	0	0	0	0	0	0	0	0	0	0	0	0	0	0	0	0
8	17	0	0	0	0	0	0	0	0	0	0	0	0	0	0	0	0
8	18	0	0	0	0	0	0	0	0	0	0	0	0	0	0	0	0
8	19	0	0	0	0	0	0	0	0	0	0	0	0	0	0	0	0
8	20	0	0	0	0	0	0	0	0	0	0	0	0	0	0	0	0
9	10	0	0	0	0	0	0	0	0	0	0	0	0	0	0	0	0
9	11	0	0	0	0	0	0	0	0	0	0	0	0	0	0	0	0
9	12	0	0	0	0	0	0	0	0	0	0	0	0	0	0	0	0
9	13	0	0	0	0	0	0	0	0	0	0	0	0	0	0	0	0
9	14	0	0	0	0	0	0	0	0	0	0	0	0	0	0	0	0
9	15	0	0	0	0	0	0	0	0	0	0	0	0	0	0	0	0
9	16	0	0	0	0	0	0	0	0	0	0	0	0	0	0	0	0
9	17	0	0	0	0	0	0	0	0	0	0	0	0	0	0	0	0
9	18	0	0	0	0	0	0	0	0	0	0	0	0	0	0	0	0
9	19	0	0	0	0	0	0	0	0	0	0	0	0	0	0	0	0
9	20	0	0	0	0	0	0	0	0	0	0	0	0	0	0	0	0
10	11	0	0	0	0	0	0	0	0	0	0	0	0	0	0	0	0
10	12	0	0	0	0	0	0	0	0	0	0	0	0	0	0	0	0
10	13	0	0	0	0	0	0	0	0	0	0	0	0	0	0	0	0
10	14	0	0	0	0	0	0	0	0	0	0	0	0	0	0	0	0
10	15	0	0	0	0	0	0	0	0	0	0	0	0	0	0	0	0
10	16	0	0	0	0	0	0	0	0	0	0	0	0	0	0	0	0
10	17	0	0	0	0	0	0	0	0	0	0	0	0	0	0	0	0
10	18	0	0	0	0	0	0	0	0	0	0	0	0	0	0	0	0
10	19	0	0	0	0	0	0	0	0	0	0	0	0	0	0	0	0
10	20	0	0	0	0	0	0	0	0	0	0	0	0	0	0	0	0
11	12	0	0	0	0	0	0	0	0	0	0	0	0	0	0	0	0
11	13	0	0	0	0	0	0	0	0	0	0	0	0	0	0	0	0
11	14	0	0	0	0	0	0	0	0	0	0	0	0	0	0	0	0
11	15	0	0	0	0	0	0	0	0	0	0	0	0	0	0	0	0
11	16	0	0	0	0	0	0	0	0	0	0	0	0	0	0	0	0
11	17	0	0	0	0	0	0	0	0	0	0	0	0	0	0	0	0
11	18	0	0	0	0	0	0	0	0	0	0	0	0	0	0	0	0
11	19	0	0	0	0	0	0	0	0	0	0	0	0	0	0	0	0
11	20	0	0	0	0	0	0	0	0	0	0	0	0	0	0	0	0
12	13	0	0	0	0	0	0	0	0	0	0	0	0	0	0	0	0
12	14	0	0	0	0	0	0	0	0	0	0	0	0	0	0	0	0
12	15	0	0	0	0	0	0	0	0	0	0	0	0	0	0	0	0
12	16	0	0	0	0	0	0	0	0	0	0	0	0	0	0	0	0
12	17	0	0	0	0	0	0	0	0	0	0	0	0	0	0	0	0
12	18	0	0	0	0	0	0	0	0	0	0	0	0	0	0	0	0
12	19	0	0	0	0	0	0	0	0	0	0	0	0	0	0	0	0
12	20	0	0	0	0	0	0	0	0	0	0	0	0	0	0	0	0
13	14	0	0	0	0	0	0	0	0	0	0	0	0	0	0	0	0
13	15	0	0	0	0	0	0	0	0	0	0	0	0	0	0	0	0
13	16	0	0	0	0	0	0	0	0	0	0	0	0	0	0	0	0
13	17	0	0	0	0	0	0	0	0	0	0	0	0	0	0	0	0
13	18	0	0	0	0	0	0	0	0	0	0	0	0	0	0	0	0
13	19	0	0	0	0	0	0	0	0	0	0	0	0	0	0	0	0
13	20	0	0	0	0	0	0	0	0	0	0	0	0	0	0	0	0
14	15	0	0	0	0	0	0	0	0	0	0	0	0	0	0	0	0
14	16	0	0	0	0	0	0	0	0	0	0	0	0	0	0	0	0
14	17	0	0	0	0	0	0	0	0	0	0	0	0	0	0	0	0
14	18	0	0	0	0	0	0	0	0	0	0	0	0	0	0	0	0
14	19	0	0	0	0	0	0	0	0	0	0	0	0	0	0	0	0
14	20	0	0	0	0	0	0	0	0	0	0	0	0	0	0	0	0
15	16	0	0	0	0	0	0	0	0	0	0	0	0	0	0	0	0
15	17	0	0	0	0	0	0	0	0	0	0	0	0	0	0	0	0
15	18	0	0	0	0	0	0	0	0	0	0	0	0	0	0	0	0
15	19	0	0	0	0	0	0	0	0	0	0	0	0	0	0	0	0
15	20	0	0	0	0	0	0	0	0	0	0	0	0	0	0	0	0
16	17	0	0	0	0	0	0	0	0	0	0	0	0	0	0	0	0
16	18	0	0	0	0	0	0	0	0	0	0	0	0	0	0	0	0
16	19	0	0	0	0	0	0	0	0	0	0	0	0	0	0	0	0
16	20	0	0	0	0	0	0	0	0	0	0	0	0	0	0	0	0
17	18	0	0	0	0	0	0	0	0	0	0	0	0	0	0	0	0
17	19	0	0	0	0	0	0	0	0	0	0	0	0	0	0	0	0
17	20	0	0	0	0	0	0	0	0	0	0	0	0	0	0	0	0
18	19	0	0	0	0	0	0	0	0	0	0	0	0	0	0	0	0
18	20	0	0	0	0	0	0	0	0	0	0	0	0	0	0	0	0
19	20	0	0	0	0	0	0	0	0	0	0	0	0	0	0	0	0
