pos1	pos2	AA	AC	AG	AT	CA	CC	CG	CT	GA	GC	GG	GT	TA	TC	TG	TT
1	2	9883422	9941	9970	9863	9869	0	0	0	10054	0	0	0	9847	0	0	0
1	3	4941721	4974	5000	4899	4933	0	0	0	5044	0	0	0	4912	0	0	0
1	4	4941688	5013	4953	4940	4933	0	0	0	5044	0	0	0	4912	0	0	0
1	5	4941712	4959	4989	4934	4933	0	0	0	5044	0	0	0	4912	0	0	0
1	6	4941705	5002	4979	4908	4933	0	0	0	5044	0	0	0	4912	0	0	0
1	7	4941717	4922	5015	4940	4933	0	0	0	5044	0	0	0	4912	0	0	0
1	8	4941688	4990	5053	4863	4933	0	0	0	5044	0	0	0	4912	0	0	0
1	9	4941711	4981	4977	4925	4933	0	0	0	5044	0	0	0	4912	0	0	0
1	10	4941701	4993	5006	4894	4933	0	0	0	5044	0	0	0	4912	0	0	0
1	11	4941636	5019	4965	4974	4933	0	0	0	5044	0	0	0	4912	0	0	0
1	12	4941704	5009	4959	4922	4933	0	0	0	5044	0	0	0	4912	0	0	0
1	13	4941674	5006	4953	4961	4933	0	0	0	5044	0	0	0	4912	0	0	0
1	14	4941697	4918	5026	4953	4933	0	0	0	5044	0	0	0	4912	0	0	0
1	15	4941709	4984	5000	4901	4933	0	0	0	5044	0	0	0	4912	0	0	0
1	16	4941726	4955	4968	4945	4933	0	0	0	5044	0	0	0	4912	0	0	0
1	17	4941663	5042	5001	4888	4933	0	0	0	5044	0	0	0	4912	0	0	0
1	18	4941722	5006	4926	4940	4933	0	0	0	5044	0	0	0	4912	0	0	0
1	19	14825144	14846	15020	14769	14931	0	0	0	14986	0	0	0	14753	0	0	0
1	20	14825143	14911	14861	14864	14931	0	0	0	14986	0	0	0	14753	0	0	0
2	3	4941692	4959	4989	4934	4992	0	0	0	5016	0	0	0	4901	0	0	0
2	4	4941685	5002	4979	4908	4992	0	0	0	5016	0	0	0	4901	0	0	0
2	5	4941697	4922	5015	4940	4992	0	0	0	5016	0	0	0	4901	0	0	0
2	6	4941668	4990	5053	4863	4992	0	0	0	5016	0	0	0	4901	0	0	0
2	7	4941691	4981	4977	4925	4992	0	0	0	5016	0	0	0	4901	0	0	0
2	8	4941681	4993	5006	4894	4992	0	0	0	5016	0	0	0	4901	0	0	0
2	9	4941616	5019	4965	4974	4992	0	0	0	5016	0	0	0	4901	0	0	0
2	10	4941684	5009	4959	4922	4992	0	0	0	5016	0	0	0	4901	0	0	0
2	11	4941654	5006	4953	4961	4992	0	0	0	5016	0	0	0	4901	0	0	0
2	12	4941677	4918	5026	4953	4992	0	0	0	5016	0	0	0	4901	0	0	0
2	13	4941689	4984	5000	4901	4992	0	0	0	5016	0	0	0	4901	0	0	0
2	14	4941706	4955	4968	4945	4992	0	0	0	5016	0	0	0	4901	0	0	0
2	15	4941643	5042	5001	4888	4992	0	0	0	5016	0	0	0	4901	0	0	0
2	16	14825086	15025	14805	14820	15008	0	0	0	15017	0	0	0	14688	0	0	0
2	17	14825092	14831	15009	14804	15008	0	0	0	15017	0	0	0	14688	0	0	0
2	18	14825117	14900	14887	14832	15008	0	0	0	15017	0	0	0	14688	0	0	0
2	19	4941733	4922	5015	4940	4974	0	0	0	5000	0	0	0	4899	0	0	0
2	20	4941704	4990	5053	4863	4974	0	0	0	5000	0	0	0	4899	0	0	0
3	4	4941727	4981	4977	4925	4974	0	0	0	5000	0	0	0	4899	0	0	0
3	5	4941717	4993	5006	4894	4974	0	0	0	5000	0	0	0	4899	0	0	0
3	6	4941652	5019	4965	4974	4974	0	0	0	5000	0	0	0	4899	0	0	0
3	7	4941720	5009	4959	4922	4974	0	0	0	5000	0	0	0	4899	0	0	0
3	8	4941690	5006	4953	4961	4974	0	0	0	5000	0	0	0	4899	0	0	0
3	9	4941713	4918	5026	4953	4974	0	0	0	5000	0	0	0	4899	0	0	0
3	10	4941725	4984	5000	4901	4974	0	0	0	5000	0	0	0	4899	0	0	0
3	11	4941742	4955	4968	4945	4974	0	0	0	5000	0	0	0	4899	0	0	0
3	12	14825058	15043	14991	14710	14942	0	0	0	14921	0	0	0	14784	0	0	0
3	13	14825169	15014	14831	14788	14942	0	0	0	14921	0	0	0	14784	0	0	0
3	14	14825163	14794	15035	14810	14942	0	0	0	14921	0	0	0	14784	0	0	0
3	15	14825166	14888	14961	14787	14942	0	0	0	14921	0	0	0	14784	0	0	0
3	16	4941694	4981	4977	4925	5013	0	0	0	4953	0	0	0	4940	0	0	0
3	17	4941684	4993	5006	4894	5013	0	0	0	4953	0	0	0	4940	0	0	0
3	18	4941619	5019	4965	4974	5013	0	0	0	4953	0	0	0	4940	0	0	0
3	19	4941687	5009	4959	4922	5013	0	0	0	4953	0	0	0	4940	0	0	0
3	20	4941657	5006	4953	4961	5013	0	0	0	4953	0	0	0	4940	0	0	0
4	5	4941680	4918	5026	4953	5013	0	0	0	4953	0	0	0	4940	0	0	0
4	6	4941692	4984	5000	4901	5013	0	0	0	4953	0	0	0	4940	0	0	0
4	7	14825151	14912	14915	14798	14956	0	0	0	14942	0	0	0	14775	0	0	0
4	8	14825037	15006	15017	14716	14956	0	0	0	14942	0	0	0	14775	0	0	0
4	9	14825126	15002	14905	14743	14956	0	0	0	14942	0	0	0	14775	0	0	0
4	10	14825131	14853	14997	14795	14956	0	0	0	14942	0	0	0	14775	0	0	0
4	11	14825153	14891	14914	14818	14956	0	0	0	14942	0	0	0	14775	0	0	0
4	12	4941643	5019	4965	4974	4959	0	0	0	4989	0	0	0	4934	0	0	0
4	13	4941711	5009	4959	4922	4959	0	0	0	4989	0	0	0	4934	0	0	0
4	14	4941681	5006	4953	4961	4959	0	0	0	4989	0	0	0	4934	0	0	0
4	15	4941704	4918	5026	4953	4959	0	0	0	4989	0	0	0	4934	0	0	0
4	16	14825134	14890	15015	14742	14879	0	0	0	14994	0	0	0	14795	0	0	0
4	17	14825139	14900	14989	14753	14879	0	0	0	14994	0	0	0	14795	0	0	0
4	18	14825036	15065	14979	14701	14879	0	0	0	14994	0	0	0	14795	0	0	0
4	19	14825144	15005	14858	14774	14879	0	0	0	14994	0	0	0	14795	0	0	0
4	20	14825061	14891	14985	14844	14879	0	0	0	14994	0	0	0	14795	0	0	0
5	6	14825161	14907	14867	14846	14879	0	0	0	14994	0	0	0	14795	0	0	0
5	7	4941674	5006	4953	4961	5002	0	0	0	4979	0	0	0	4908	0	0	0
5	8	14825063	14826	15105	14769	14930	0	0	0	14947	0	0	0	14809	0	0	0
5	9	14825110	14949	14977	14727	14930	0	0	0	14947	0	0	0	14809	0	0	0
5	10	14825134	14903	14942	14784	14930	0	0	0	14947	0	0	0	14809	0	0	0
5	11	14824943	15103	14967	14750	14930	0	0	0	14947	0	0	0	14809	0	0	0
5	12	14825129	15021	14811	14802	14930	0	0	0	14947	0	0	0	14809	0	0	0
5	13	24708448	24865	24903	24717	24929	0	0	0	24959	0	0	0	24594	0	0	0
5	14	24708516	24727	24966	24724	24929	0	0	0	24959	0	0	0	24594	0	0	0
5	15	14825048	14987	14965	14776	14921	0	0	0	15027	0	0	0	14725	0	0	0
5	16	24708492	24921	24860	24628	24921	0	0	0	24969	0	0	0	24624	0	0	0
5	17	29649873	30134	29838	29646	29914	0	0	0	29975	0	0	0	29518	0	0	0
5	18	29650173	29866	29822	29630	29914	0	0	0	29975	0	0	0	29518	0	0	0
5	19	29650119	29852	29926	29594	29914	0	0	0	29975	0	0	0	29518	0	0	0
5	20	29650231	29644	29896	29720	29914	0	0	0	29975	0	0	0	29518	0	0	0
6	7	19766660	20052	20002	19578	19983	0	0	0	20001	0	0	0	19656	0	0	0
6	8	19766812	19922	19788	19770	19983	0	0	0	20001	0	0	0	19656	0	0	0
6	9	19766668	19956	20022	19646	19983	0	0	0	20001	0	0	0	19656	0	0	0
6	10	19766818	19910	19760	19804	19983	0	0	0	20001	0	0	0	19656	0	0	0
6	11	9883428	9872	10020	9870	9974	0	0	0	9983	0	0	0	9819	0	0	0
6	12	9883460	9898	9908	9924	9974	0	0	0	9983	0	0	0	9819	0	0	0
6	13	0	0	0	0	0	0	0	0	0	0	0	0	0	0	0	0
6	14	0	0	0	0	0	0	0	0	0	0	0	0	0	0	0	0
6	15	0	0	0	0	0	0	0	0	0	0	0	0	0	0	0	0
6	16	0	0	0	0	0	0	0	0	0	0	0	0	0	0	0	0
6	17	0	0	0	0	0	0	0	0	0	0	0	0	0	0	0	0
6	18	0	0	0	0	0	0	0	0	0	0	0	0	0	0	0	0
6	19	0	0	0	0	0	0	0	0	0	0	0	0	0	0	0	0
6	20	0	0	0	0	0	0	0	0	0	0	0	0	0	0	0	0
7	8	0	0	0	0	0	0	0	0	0	0	0	0	0	0	0	0
7	9	0	0	0	0	0	0	0	0	0	0	0	0	0	0	0	0
7	10	0	0	0	0	0	0	0	0	0	0	0	0	0	0	0	0
7	11	0	0	0	0	0	0	0	0	0	0	0	0	0	0	0	0
7	12	0	0	0	0	0	0	0	0	0	0	0	0	0	0	0	0
7	13	0	0	0	0	0	0	0	0	0	0	0	0	0	0	0	0
7	14	0	0	0	0	0	0	0	0	0	0	0	0	0	0	0	0
7	15	0	0	0	0	0	0	0	0	0	0	0	0	0	0	0	0
7	16	0	0	0	0	0	0	0	0	0	0	0	0	0	0	0	0
7	17	0	0	0	0	0	0	0	0	0	0	0	0	0	0	0	0
7	18	0	0	0	0	0	0	0	0	0	0	0	0	0	0	0	0
7	19	0	0	0	0	0	0	0	0	0	0	0	0	0	0	0	0
7	20	0	0	0	0	0	0	0	0	0	0	0	0	0	0	0	0
8	9	0	0	0	0	0	0	0	0	0	0	0	0	0	0	0	0
8	10	0	0	0	0	0	0	0	0	0	0	0	0	0	0	0	0
8	11	0	0	0	0	0	0	0	0	0	0	0	0	0	0	0	0
8	12	0	0	0	0	0	0	0	0	0	0	0	0	0	0	0	0
8	13	0	0	0	0	0	0	0	0	0	0	0	0	0	0	0	0
8	14	0	0	0	0	0	0	0	0	0	0	0	0	0	0	0	0
8	15	0	0	0	0	0	0	0	0	0	0	0	0	0	0	0	0
8	16	0	0	0	0	0	0	0	0	0	0	0	0	0	0	0	0
8	17	0	0	0	0	0	0	0	0	0	0	0	0	0	0	0	0
8	18	0	0	0	0	0	0	0	0	0	0	0	0	0	0	0	0
8	19	0	0	0	0	0	0	0	0	0	0	0	0	0	0	0	0
8	20	0	0	0	0	0	0	0	0	0	0	0	0	0	0	0	0
9	10	0	0	0	0	0	0	0	0	0	0	0	0	0	0	0	0
9	11	0	0	0	0	0	0	0	0	0	0	0	0	0	0	0	0
9	12	0	0	0	0	0	0	0	0	0	0	0	0	0	0	0	0
9	13	0	0	0	0	0	0	0	0	0	0	0	0	0	0	0	0
9	14	0	0	0	0	0	0	0	0	0	0	0	0	0	0	0	0
9	15	0	0	0	0	0	0	0	0	0	0	0	0	0	0	0	0
9	16	0	0	0	0	0	0	0	0	0	0	0	0	0	0	0	0
9	17	0	0	0	0	0	0	0	0	0	0	0	0	0	0	0	0
9	18	0	0	0	0	0	0	0	0	0	0	0	0	0	0	0	0
9	19	0	0	0	0	0	0	0	0	0	0	0	0	0	0	0	0
9	20	0	0	0	0	0	0	0	0	0	0	0	0	0	0	0	0
10	11	0	0	0	0	0	0	0	0	0	0	0	0	0	0	0	0
10	12	0	0	0	0	0	0	0	0	0	0	0	0	0	0	0	0
10	13	0	0	0	0	0	0	0	0	0	0	0	0	0	0	0	0
10	14	0	0	0	0	0	0	0	0	0	0	0	0	0	0	0	0
10	15	0	0	0	0	0	0	0	0	0	0	0	0	0	0	0	0
10	16	0	0	0	0	0	0	0	0	0	0	0	0	0	0	0	0
10	17	0	0	0	0	0	0	0	0	0	0	0	0	0	0	0	0
10	18	0	0	0	0	0	0	0	0	0	0	0	0	0	0	0	0
10	19	0	0	0	0	0	0	0	0	0	0	0	0	0	0	0	0
10	20	0	0	0	0	0	0	0	0	0	0	0	0	0	0	0	0
11	12	0	0	0	0	0	0	0	0	0	0	0	0	0	0	0	0
11	13	0	0	0	0	0	0	0	0	0	0	0	0	0	0	0	0
11	14	0	0	0	0	0	0	0	0	0	0	0	0	0	0	0	0
11	15	0	0	0	0	0	0	0	0	0	0	0	0	0	0	0	0
11	16	0	0	0	0	0	0	0	0	0	0	0	0	0	0	0	0
11	17	0	0	0	0	0	0	0	0	0	0	0	0	0	0	0	0
11	18	0	0	0	0	0	0	0	0	0	0	0	0	0	0	0	0
11	19	0	0	0	0	0	0	0	0	0	0	0	0	0	0	0	0
11	20	0	0	0	0	0	0	0	0	0	0	0	0	0	0	0	0
12	13	0	0	0	0	0	0	0	0	0	0	0	0	0	0	0	0
12	14	0	0	0	0	0	0	0	0	0	0	0	0	0	0	0	0
12	15	0	0	0	0	0	0	0	0	0	0	0	0	0	0	0	0
12	16	0	0	0	0	0	0	0	0	0	0	0	0	0	0	0	0
12	17	0	0	0	0	0	0	0	0	0	0	0	0	0	0	0	0
12	18	0	0	0	0	0	0	0	0	0	0	0	0	0	0	0	0
12	19	0	0	0	0	0	0	0	0	0	0	0	0	0	0	0	0
12	20	0	0	0	0	0	0	0	0	0	0	0	0	0	0	0	0
13	14	0	0	0	0	0	0	0	0	0	0	0	0	0	0	0	0
13	15	0	0	0	0	0	0	0	0	0	0	0	0	0	0	0	0
13	16	0	0	0	0	0	0	0	0	0	0	0	0	0	0	0	0
13	17	0	0	0	0	0	0	0	0	0	0	0	0	0	0	0	0
13	18	0	0	0	0	0	0	0	0	0	0	0	0	0	0	0	0
13	19	0	0	0	0	0	0	0	0	0	0	0	0	0	0	0	0
13	20	0	0	0	0	0	0	0	0	0	0	0	0	0	0	0	0
14	15	0	0	0	0	0	0	0	0	0	0	0	0	0	0	0	0
14	16	0	0	0	0	0	0	0	0	0	0	0	0	0	0	0	0
14	17	0	0	0	0	0	0	0	0	0	0	0	0	0	0	0	0
14	18	0	0	0	0	0	0	0	0	0	0	0	0	0	0	0	0
14	19	0	0	0	0	0	0	0	0	0	0	0	0	0	0	0	0
14	20	0	0	0	0	0	0	0	0	0	0	0	0	0	0	0	0
15	16	0	0	0	0	0	0	0	0	0	0	0	0	0	0	0	0
15	17	0	0	0	0	0	0	0	0	0	0	0	0	0	0	0	0
15	18	0	0	0	0	0	0	0	0	0	0	0	0	0	0	0	0
15	19	0	0	0	0	0	0	0	0	0	0	0	0	0	0	0	0
15	20	0	0	0	0	0	0	0	0	0	0	0	0	0	0	0	0
16	17	0	0	0	0	0	0	0	0	0	0	0	0	0	0	0	0
16	18	0	0	0	0	0	0	0	0	0	0	0	0	0	0	0	0
16	19	0	0	0	0	0	0	0	0	0	0	0	0	0	0	0	0
16	20	0	0	0	0	0	0	0	0	0	0	0	0	0	0	0	0
17	18	0	0	0	0	0	0	0	0	0	0	0	0	0	0	0	0
17	19	0	0	0	0	0	0	0	0	0	0	0	0	0	0	0	0
17	20	0	0	0	0	0	0	0	0	0	0	0	0	0	0	0	0
18	19	0	0	0	0	0	0	0	0	0	0	0	0	0	0	0	0
18	20	0	0	0	0	0	0	0	0	0	0	0	0	0	0	0	0
19	20	0	0	0	0	0	0	0	0	0	0	0	0	0	0	0	0
