pos1	pos2	AA	AC	AG	AT	CA	CC	CG	CT	GA	GC	GG	GT	TA	TC	TG	TT
1	2	11735467	506167	490433	519601	479905	16677	17564	16850	454668	15648	16591	15957	436526	15100	16277	15559
1	3	5933341	227543	221994	221760	236960	8751	7095	7274	236746	8889	7036	7132	237013	8989	7039	6933
1	4	5856403	251751	252343	244141	236093	8075	8057	7855	235700	8095	8034	7974	236043	7995	8123	7813
1	5	5884363	249427	232612	238236	237027	7949	7450	7654	236458	8188	7546	7611	236627	8054	7595	7698
1	6	5870338	238237	245719	250344	236310	7744	7986	8040	236088	7701	8013	8001	236387	7707	7877	8003
1	7	5845649	249213	254824	254952	235818	7964	8149	8149	235836	7932	8132	7903	235899	8021	8009	8045
1	8	5820869	256152	264238	263379	235108	8215	8463	8294	234840	8157	8458	8348	234879	8159	8436	8500
1	9	5854781	249275	252279	248303	236080	7824	8094	8082	235681	8054	8244	7824	235867	8039	8147	7921
1	10	5867690	249445	242194	245309	236093	8126	7970	7891	236096	8010	7870	7827	236245	8069	7902	7758
1	11	5859128	241585	245352	258573	234080	7557	7863	10580	233919	7696	7828	10360	233950	7616	7874	10534
1	12	5669130	310707	320155	304646	228098	10088	11490	10404	228194	9876	11591	10142	228397	9894	11534	10149
1	13	5838129	263811	249441	253257	232811	10662	8360	8247	232343	10613	8678	8169	232598	10846	8443	8087
1	14	5569107	338645	346579	350307	226385	11215	11162	11318	226377	11066	11111	11249	226618	11236	11134	10986
1	15	5685537	301352	304272	313477	231462	9649	9790	9179	230986	9924	9747	9146	231657	9486	9720	9111
1	16	5892014	237023	248926	226675	237965	7841	6802	7472	238018	7517	6931	7337	238013	7673	6911	7377
1	17	6182568	147965	121610	152495	247441	3922	3801	4916	247133	3773	3884	5013	247439	3767	3983	4785
1	18	5621777	320941	339610	322310	228671	10314	10788	10307	228326	10350	10743	10384	228425	10335	10842	10372
1	19	17451655	769375	708116	668736	768936	26798	25120	23509	789162	27301	25796	24468	768908	26950	25105	23550
1	20	17403015	737401	698581	758885	769245	26187	24872	24059	789737	26713	25762	24515	769688	26272	24481	24072
2	3	5871335	249427	232612	238236	243183	8276	3841	8042	246888	8323	3997	8106	242184	8242	3784	8019
2	4	5857310	238237	245719	250344	240494	3914	8031	10903	244173	3994	8276	10871	239484	3861	8138	10746
2	5	5832621	249213	254824	254952	234470	8020	10918	9934	238341	8101	10958	9914	233495	8001	10839	9894
2	6	5807841	256152	264238	263379	234126	10706	10074	8436	237570	10922	10296	8526	232833	10769	10114	8513
2	7	5841753	249275	252279	248303	238567	9813	8151	6811	242297	9777	8036	7204	237435	9855	8179	6760
2	8	5854662	249445	242194	245309	240333	8036	6894	8079	243660	8505	6873	8276	239234	8233	6702	8060
2	9	5846100	241585	245352	258573	239943	6770	8154	8475	243799	6977	8122	8416	238931	6889	8001	8408
2	10	5656102	310707	320155	304646	234848	10045	10373	8076	238492	10382	10422	8018	233936	10058	10397	7838
2	11	5825101	263811	249441	253257	239289	8633	6062	9358	243153	8527	6094	9540	238337	8629	5804	9459
2	12	5556079	338645	346579	350307	231165	9406	11602	11169	234704	9578	11656	11376	230157	9175	11636	11261
2	13	5672509	301352	304272	313477	233052	10493	9902	9895	236588	10813	9733	10180	232131	10551	9747	9800
2	14	5878986	237023	248926	226675	240068	7696	8140	7438	243686	7911	8230	7487	239366	7640	7876	7347
2	15	6169540	147965	121610	152495	249284	5002	4090	4966	252865	5187	4121	5141	248267	4819	4114	5029
2	16	17553276	893633	931563	888761	562591	24329	26209	25721	537372	23490	25313	24743	560500	24170	25971	25843
2	17	18072028	791259	718734	685212	580305	21176	19849	17520	554574	20194	19311	16839	577831	21002	19963	17688
2	18	18086301	723887	691957	765088	582188	20329	17913	18420	556806	19549	17041	17522	580275	20438	17943	17828
2	19	5954209	249213	254824	254952	208198	6880	5247	7218	203017	6750	5049	7178	202874	6768	5140	6978
2	20	5929429	256152	264238	263379	207158	5451	7545	7389	201961	5270	7478	7285	201717	5285	7339	7419
3	4	5963341	249275	252279	248303	206439	6994	7165	6945	201513	6866	6838	6777	201515	6772	6873	6600
3	5	5976250	249445	242194	245309	207028	6921	6873	6721	201939	6940	6472	6643	202139	6587	6492	6542
3	6	5967688	241585	245352	258573	206548	6727	6950	7318	201686	6556	6670	7082	201429	6570	6633	7128
3	7	5777690	310707	320155	304646	199135	8983	9278	10147	193657	8984	9238	10115	193391	8933	9334	10102
3	8	5946689	263811	249441	253257	204335	7342	8689	7177	199697	7160	8340	6797	199234	7224	8348	6954
3	9	5677667	338645	346579	350307	195525	11035	10351	10632	189938	11300	10282	10474	189978	11005	10368	10409
3	10	5794097	301352	304272	313477	198233	8613	8595	12102	192438	8564	8758	12234	192574	8520	8611	12055
3	11	6000574	237023	248926	226675	204147	6354	11071	5971	199119	6134	10958	5783	198750	6166	10846	5998
3	12	18456914	545357	475832	543226	670169	20943	10552	14653	676066	21395	10653	15149	647811	20511	10029	14225
3	13	17321307	880119	924939	894964	638481	23211	27095	27530	644610	23505	27226	27922	616088	22764	26705	27019
3	14	17787410	791045	740946	701928	650588	22662	22391	20676	657077	22783	22466	20937	629049	22018	21669	19840
3	15	17790928	741802	710476	778123	650774	22096	20551	22896	656959	22075	21107	23122	628727	21715	20001	22133
3	16	5886403	249275	252279	248303	228233	7963	7846	7709	229369	7615	7654	7705	221338	7568	7642	7593
3	17	5899312	249445	242194	245309	228735	7632	7737	7647	229398	7659	7672	7614	221861	7579	7410	7291
3	18	5890750	241585	245352	258573	228146	7675	7729	8201	229044	7781	7574	7944	221123	7498	7503	8017
3	19	5700752	310707	320155	304646	222595	9676	9936	9544	222924	9740	10042	9637	215547	9428	9885	9281
3	20	5869751	263811	249441	253257	227691	8189	7979	7892	228428	8329	7771	7815	220996	8023	7636	7486
4	5	5600729	338645	346579	350307	219228	10612	10874	11037	219631	10605	10900	11207	212410	10461	10576	10694
4	6	5717159	301352	304272	313477	222841	9564	9521	9825	223702	9415	9406	9820	216012	9413	9211	9505
4	7	17606326	712283	743571	703694	730424	24005	25170	22931	718746	23534	24557	22390	724923	23602	24621	22708
4	8	18162745	545143	498044	559942	745285	18500	16044	22701	733392	18234	15353	22248	738538	18691	15838	22787
4	9	17016383	898034	943458	907999	712281	28617	31967	29665	700313	28130	31876	28908	707146	28058	31867	28783
4	10	17541087	791107	738401	695279	727219	29297	24543	21471	714873	28887	24186	21281	721201	29016	24372	21265
4	11	17582294	735095	688432	760053	730297	24912	21549	25772	717914	24211	21178	25924	724002	24304	21741	25807
4	12	5918710	241585	245352	258573	226306	7526	7622	7973	211152	6950	7068	7442	216095	7069	7301	7771
4	13	5728712	310707	320155	304646	222166	9665	10038	7558	206843	9378	9660	6731	211580	9661	10044	6951
4	14	5897711	263811	249441	253257	228216	8165	5119	7927	212881	7596	4809	7326	217929	7929	4779	7599
4	15	5628689	338645	346579	350307	218964	8643	10944	10876	202652	8466	10642	10852	208011	8509	10838	10878
4	16	17066188	851917	863368	881906	741789	28288	28671	27561	740745	28100	28433	27632	753458	28546	29002	27881
4	17	17454362	730198	762090	716729	751100	25400	24779	25030	749699	25426	24840	24945	763062	25296	25116	25413
4	18	18069382	545205	495499	553293	769190	18462	18524	20133	767997	18348	18587	19978	780597	18836	18876	20578
4	19	16960709	891327	921414	889929	737621	29480	29888	29320	736352	29479	29997	29082	749531	29366	30345	29645
4	20	17442939	783417	731474	705549	749866	26431	25416	24596	748536	26603	25407	24364	761158	26972	25725	25032
5	6	17281239	796357	766393	819390	745102	27254	26301	27652	743157	27369	26204	28180	756121	27748	26688	28330
5	7	5883686	263811	249441	253257	215702	7710	7345	7480	222487	8175	7411	7646	226608	8156	7893	7687
5	8	17038856	933442	957396	963993	666097	25038	29889	30237	665030	25117	29669	30168	672937	25115	29773	30728
5	9	17305628	851979	860823	875257	671112	26071	26816	27262	669663	26323	26768	27230	678338	25705	26987	27523
5	10	17731491	723491	740046	698659	685048	22712	22780	20721	683907	22057	23163	20857	691667	22494	23174	21218
5	11	18304037	537515	488572	563563	701655	16410	14408	18788	700347	16262	14375	19000	708098	16574	14522	19359
5	12	16992457	952589	999375	949266	660496	29077	32879	28809	659174	29223	32667	28920	667166	29595	32669	29123
5	13	29185595	1318729	1237283	1201793	1194776	44232	41202	37910	1209266	45014	41149	38948	1202377	44307	41523	38371
5	14	28688758	1412385	1381590	1460667	1182783	45276	43158	46903	1199589	44691	43175	46922	1190619	45436	43355	47168
5	15	17091507	844289	853896	885527	731283	26345	28149	30295	752757	26957	28656	30847	737304	26639	28597	30437
5	16	28915630	1344905	1380356	1307951	1173459	44505	45799	43169	1199862	45504	46886	44596	1194324	45282	46191	44056
5	17	35728211	1306722	1232806	1328650	1427301	43485	41106	44485	1446233	44578	42187	46044	1443512	44391	41718	45541
5	18	33688589	1940586	2012688	1954526	1365898	62859	65069	62551	1388108	62938	65575	62421	1383758	63449	65619	62336
5	19	34750239	1672158	1593548	1580444	1398453	55221	51706	50997	1419970	56027	52120	50925	1416549	55912	51938	50763
5	20	34653447	1636986	1637248	1668708	1396764	52509	52367	54737	1416208	53857	52993	55984	1413410	53679	52799	55274
6	7	23839554	898634	851764	931944	910029	27644	27549	31235	917102	27944	27485	31532	927401	28003	28392	31768
6	8	23130926	1115928	1177072	1097970	888959	36135	37690	33673	895281	36494	38020	34268	906271	36506	38380	34407
6	9	24202826	837762	729342	751966	928486	27396	22442	18133	935867	27517	22344	18335	945798	28194	22945	18627
6	10	23109542	1127532	1125458	1159364	896235	35201	30769	34252	903836	35397	30786	34044	913247	36239	31217	34861
6	11	11807255	541832	486122	446976	458905	15538	12702	11575	454627	15497	12821	11528	453461	15785	12824	11542
6	12	11835553	485650	446238	514744	458122	12900	11569	16129	454411	12727	11512	15823	453546	12529	11500	16037
6	13	0	0	0	0	0	0	0	0	0	0	0	0	0	0	0	0
6	14	0	0	0	0	0	0	0	0	0	0	0	0	0	0	0	0
6	15	0	0	0	0	0	0	0	0	0	0	0	0	0	0	0	0
6	16	0	0	0	0	0	0	0	0	0	0	0	0	0	0	0	0
6	17	0	0	0	0	0	0	0	0	0	0	0	0	0	0	0	0
6	18	0	0	0	0	0	0	0	0	0	0	0	0	0	0	0	0
6	19	0	0	0	0	0	0	0	0	0	0	0	0	0	0	0	0
6	20	0	0	0	0	0	0	0	0	0	0	0	0	0	0	0	0
7	8	0	0	0	0	0	0	0	0	0	0	0	0	0	0	0	0
7	9	0	0	0	0	0	0	0	0	0	0	0	0	0	0	0	0
7	10	0	0	0	0	0	0	0	0	0	0	0	0	0	0	0	0
7	11	0	0	0	0	0	0	0	0	0	0	0	0	0	0	0	0
7	12	0	0	0	0	0	0	0	0	0	0	0	0	0	0	0	0
7	13	0	0	0	0	0	0	0	0	0	0	0	0	0	0	0	0
7	14	0	0	0	0	0	0	0	0	0	0	0	0	0	0	0	0
7	15	0	0	0	0	0	0	0	0	0	0	0	0	0	0	0	0
7	16	0	0	0	0	0	0	0	0	0	0	0	0	0	0	0	0
7	17	0	0	0	0	0	0	0	0	0	0	0	0	0	0	0	0
7	18	0	0	0	0	0	0	0	0	0	0	0	0	0	0	0	0
7	19	0	0	0	0	0	0	0	0	0	0	0	0	0	0	0	0
7	20	0	0	0	0	0	0	0	0	0	0	0	0	0	0	0	0
8	9	0	0	0	0	0	0	0	0	0	0	0	0	0	0	0	0
8	10	0	0	0	0	0	0	0	0	0	0	0	0	0	0	0	0
8	11	0	0	0	0	0	0	0	0	0	0	0	0	0	0	0	0
8	12	0	0	0	0	0	0	0	0	0	0	0	0	0	0	0	0
8	13	0	0	0	0	0	0	0	0	0	0	0	0	0	0	0	0
8	14	0	0	0	0	0	0	0	0	0	0	0	0	0	0	0	0
8	15	0	0	0	0	0	0	0	0	0	0	0	0	0	0	0	0
8	16	0	0	0	0	0	0	0	0	0	0	0	0	0	0	0	0
8	17	0	0	0	0	0	0	0	0	0	0	0	0	0	0	0	0
8	18	0	0	0	0	0	0	0	0	0	0	0	0	0	0	0	0
8	19	0	0	0	0	0	0	0	0	0	0	0	0	0	0	0	0
8	20	0	0	0	0	0	0	0	0	0	0	0	0	0	0	0	0
9	10	0	0	0	0	0	0	0	0	0	0	0	0	0	0	0	0
9	11	0	0	0	0	0	0	0	0	0	0	0	0	0	0	0	0
9	12	0	0	0	0	0	0	0	0	0	0	0	0	0	0	0	0
9	13	0	0	0	0	0	0	0	0	0	0	0	0	0	0	0	0
9	14	0	0	0	0	0	0	0	0	0	0	0	0	0	0	0	0
9	15	0	0	0	0	0	0	0	0	0	0	0	0	0	0	0	0
9	16	0	0	0	0	0	0	0	0	0	0	0	0	0	0	0	0
9	17	0	0	0	0	0	0	0	0	0	0	0	0	0	0	0	0
9	18	0	0	0	0	0	0	0	0	0	0	0	0	0	0	0	0
9	19	0	0	0	0	0	0	0	0	0	0	0	0	0	0	0	0
9	20	0	0	0	0	0	0	0	0	0	0	0	0	0	0	0	0
10	11	0	0	0	0	0	0	0	0	0	0	0	0	0	0	0	0
10	12	0	0	0	0	0	0	0	0	0	0	0	0	0	0	0	0
10	13	0	0	0	0	0	0	0	0	0	0	0	0	0	0	0	0
10	14	0	0	0	0	0	0	0	0	0	0	0	0	0	0	0	0
10	15	0	0	0	0	0	0	0	0	0	0	0	0	0	0	0	0
10	16	0	0	0	0	0	0	0	0	0	0	0	0	0	0	0	0
10	17	0	0	0	0	0	0	0	0	0	0	0	0	0	0	0	0
10	18	0	0	0	0	0	0	0	0	0	0	0	0	0	0	0	0
10	19	0	0	0	0	0	0	0	0	0	0	0	0	0	0	0	0
10	20	0	0	0	0	0	0	0	0	0	0	0	0	0	0	0	0
11	12	0	0	0	0	0	0	0	0	0	0	0	0	0	0	0	0
11	13	0	0	0	0	0	0	0	0	0	0	0	0	0	0	0	0
11	14	0	0	0	0	0	0	0	0	0	0	0	0	0	0	0	0
11	15	0	0	0	0	0	0	0	0	0	0	0	0	0	0	0	0
11	16	0	0	0	0	0	0	0	0	0	0	0	0	0	0	0	0
11	17	0	0	0	0	0	0	0	0	0	0	0	0	0	0	0	0
11	18	0	0	0	0	0	0	0	0	0	0	0	0	0	0	0	0
11	19	0	0	0	0	0	0	0	0	0	0	0	0	0	0	0	0
11	20	0	0	0	0	0	0	0	0	0	0	0	0	0	0	0	0
12	13	0	0	0	0	0	0	0	0	0	0	0	0	0	0	0	0
12	14	0	0	0	0	0	0	0	0	0	0	0	0	0	0	0	0
12	15	0	0	0	0	0	0	0	0	0	0	0	0	0	0	0	0
12	16	0	0	0	0	0	0	0	0	0	0	0	0	0	0	0	0
12	17	0	0	0	0	0	0	0	0	0	0	0	0	0	0	0	0
12	18	0	0	0	0	0	0	0	0	0	0	0	0	0	0	0	0
12	19	0	0	0	0	0	0	0	0	0	0	0	0	0	0	0	0
12	20	0	0	0	0	0	0	0	0	0	0	0	0	0	0	0	0
13	14	0	0	0	0	0	0	0	0	0	0	0	0	0	0	0	0
13	15	0	0	0	0	0	0	0	0	0	0	0	0	0	0	0	0
13	16	0	0	0	0	0	0	0	0	0	0	0	0	0	0	0	0
13	17	0	0	0	0	0	0	0	0	0	0	0	0	0	0	0	0
13	18	0	0	0	0	0	0	0	0	0	0	0	0	0	0	0	0
13	19	0	0	0	0	0	0	0	0	0	0	0	0	0	0	0	0
13	20	0	0	0	0	0	0	0	0	0	0	0	0	0	0	0	0
14	15	0	0	0	0	0	0	0	0	0	0	0	0	0	0	0	0
14	16	0	0	0	0	0	0	0	0	0	0	0	0	0	0	0	0
14	17	0	0	0	0	0	0	0	0	0	0	0	0	0	0	0	0
14	18	0	0	0	0	0	0	0	0	0	0	0	0	0	0	0	0
14	19	0	0	0	0	0	0	0	0	0	0	0	0	0	0	0	0
14	20	0	0	0	0	0	0	0	0	0	0	0	0	0	0	0	0
15	16	0	0	0	0	0	0	0	0	0	0	0	0	0	0	0	0
15	17	0	0	0	0	0	0	0	0	0	0	0	0	0	0	0	0
15	18	0	0	0	0	0	0	0	0	0	0	0	0	0	0	0	0
15	19	0	0	0	0	0	0	0	0	0	0	0	0	0	0	0	0
15	20	0	0	0	0	0	0	0	0	0	0	0	0	0	0	0	0
16	17	0	0	0	0	0	0	0	0	0	0	0	0	0	0	0	0
16	18	0	0	0	0	0	0	0	0	0	0	0	0	0	0	0	0
16	19	0	0	0	0	0	0	0	0	0	0	0	0	0	0	0	0
16	20	0	0	0	0	0	0	0	0	0	0	0	0	0	0	0	0
17	18	0	0	0	0	0	0	0	0	0	0	0	0	0	0	0	0
17	19	0	0	0	0	0	0	0	0	0	0	0	0	0	0	0	0
17	20	0	0	0	0	0	0	0	0	0	0	0	0	0	0	0	0
18	19	0	0	0	0	0	0	0	0	0	0	0	0	0	0	0	0
18	20	0	0	0	0	0	0	0	0	0	0	0	0	0	0	0	0
19	20	0	0	0	0	0	0	0	0	0	0	0	0	0	0	0	0
