pos1	pos2	AA	AC	AG	AT	CA	CC	CG	CT	GA	GC	GG	GT	TA	TC	TG	TT
1	2	7347945	313021	327515	299394	263607	8913	7968	8804	288597	9984	8986	9632	306614	10688	9386	9956
1	3	3609224	182319	187005	187646	134790	3912	5772	5664	134605	3744	5695	5830	134276	3724	5519	5780
1	4	3686883	157107	157530	164674	135588	4705	4844	5001	135490	4677	4638	5069	135036	4636	4715	4912
1	5	3658011	159644	177214	171325	134830	4889	5269	5150	134683	4788	5239	5164	134235	4662	5241	5161
1	6	3671658	171181	164128	159227	135209	5133	4935	4861	135055	5020	4992	4807	134448	5231	4999	4621
1	7	3696476	159629	155284	154805	135877	4786	4731	4744	135602	4802	4753	4717	135050	4771	4830	4648
1	8	3724280	152573	144375	144966	136962	4542	4376	4258	136711	4559	4349	4255	136086	4525	4314	4374
1	9	3687283	160592	157357	160962	135861	4807	4648	4822	135632	4784	4712	4746	135003	4812	4679	4805
1	10	3674989	159781	167585	163839	135494	4679	4947	5018	135256	4798	4886	4934	134659	4802	4919	4919
1	11	3683721	167845	164353	150275	137756	5087	4976	2319	137501	5100	4957	2316	136889	5065	5017	2328
1	12	3874351	99118	89052	103673	143434	2950	1097	2657	143245	2890	1159	2580	142684	2892	1123	2600
1	13	3705666	145593	158931	156004	138743	2217	4335	4843	138843	2116	4178	4737	138102	2212	4310	4675
1	14	3973895	70597	62594	59108	144976	1604	1872	1686	144816	1708	1732	1618	144228	1694	1712	1665
1	15	3856535	108793	104926	95940	140306	3189	2924	3719	140135	3166	2975	3598	139472	3097	3113	3617
1	16	3649473	172939	160606	183176	133443	5298	5860	5537	133395	5159	5892	5428	132757	5168	5943	5431
1	17	3357895	261979	288663	257657	123962	9173	8936	8067	123877	8970	8968	8059	123362	9098	9065	7774
1	18	3921940	89023	68752	86479	142959	2601	1981	2597	142857	2584	1944	2489	142403	2577	1888	2431
1	19	11172923	460627	521655	562336	346308	11860	13136	14923	322328	11148	12474	13926	342950	11744	13314	14863
1	20	11229188	489017	530060	469276	345555	12448	13883	14341	321551	11467	12929	13929	342385	12106	13815	14565
2	3	3671913	159644	177214	171325	128561	4532	9016	4957	123437	4424	8852	4537	128703	4625	9004	4761
2	4	3685560	171181	164128	159227	131144	9111	4747	2064	126110	8758	4566	1816	131480	8994	4740	1879
2	5	3710378	159629	155284	154805	137388	4688	2017	2973	132008	4539	1888	2815	137602	4606	1993	2892
2	6	3738182	152573	144375	144966	137961	1998	2660	4447	132354	1866	2682	4348	137932	1987	2754	4420
2	7	3701185	160592	157357	160962	133649	2885	4591	5941	128148	2855	4503	5744	133487	3039	4654	5913
2	8	3688891	159781	167585	163839	131675	4582	5959	4850	126252	4525	5933	4540	131591	4586	6235	4681
2	9	3697623	167845	164353	150275	131918	6044	4782	4322	126596	5809	4555	4290	131868	6061	4754	4410
2	10	3888253	99118	89052	103673	137077	2688	2554	4747	131479	2687	2450	4634	137053	2759	2538	4743
2	11	3719568	145593	158931	156004	132600	4258	6874	3334	127286	4130	6582	3252	132549	4313	6834	3397
2	12	3987797	70597	62594	59108	140749	3456	1138	1723	135074	3467	1085	1624	140852	3403	1119	1719
2	13	3870437	108793	104926	95940	138934	2192	3110	2830	133375	2074	2984	2817	139011	2235	3059	2788
2	14	3663375	172939	160606	183176	131884	5095	4703	5384	126573	4965	4552	5160	131706	5266	4678	5443
2	15	3371797	261979	288663	257657	122673	7858	8659	7876	117500	7550	8635	7565	122603	7838	8781	7871
2	16	11078018	335153	295034	337632	552038	14196	12288	12842	575525	15122	12953	13318	552965	14264	12405	12762
2	17	10550006	437952	511864	546015	535086	17071	18320	20887	557962	18275	18986	21695	535675	17337	18196	21188
2	18	10542259	503091	536658	463829	532220	17945	20631	20568	555427	18933	21444	21114	533332	18314	20432	20318
2	19	3588817	159629	155284	154805	163121	5913	7569	5716	167388	6111	7775	5731	168081	6030	7726	5809
2	20	3616621	152573	144375	144966	164553	7470	5072	5224	168418	7490	5514	5583	169111	7476	5550	5509
3	4	3579624	160592	157357	160962	164468	5962	5849	6040	168901	6007	5953	6144	169484	6113	5949	6100
3	5	3567330	159781	167585	163839	164296	5886	6186	5951	168608	5965	6257	6175	168926	6103	6396	6221
3	6	3576062	167845	164353	150275	164711	6171	5940	5497	169171	6159	6075	5600	169536	6235	6129	5746
3	7	3766692	99118	89052	103673	172266	3862	3522	2669	176776	3961	3528	2740	177354	3984	3584	2724
3	8	3598007	145593	158931	156004	166633	5472	4329	5885	171149	5559	4482	5815	171549	5640	4455	6002
3	9	3866236	70597	62594	59108	175843	1768	2425	2283	180436	1734	2446	2389	181228	1687	2344	2387
3	10	3748876	108793	104926	95940	173259	4186	4077	797	177744	4213	4186	862	178291	4321	4221	813
3	11	3541814	172939	160606	183176	167168	6542	1823	6786	171791	6565	1868	6781	172125	6648	1944	6929
3	12	10168732	683602	754540	686639	443297	17443	28219	23406	436724	17171	28022	23224	464785	18117	28508	24086
3	13	11310469	349227	301632	332185	474842	15332	11407	10784	468259	15098	11071	10713	496939	15608	11501	11448
3	14	10836147	437937	489934	529495	462131	15789	16266	18179	455929	15494	16021	17697	483754	16282	16893	18567
3	15	10842557	484483	516905	449568	462974	16309	17514	15568	457122	15807	17178	15034	484321	16632	18458	16085
3	16	3657283	160592	157357	160962	142235	4986	4875	5011	142693	4944	4778	5115	148972	5286	5206	5210
3	17	3644989	159781	167585	163839	141741	4965	5283	5118	142257	4931	5151	5191	148652	5262	5473	5287
3	18	3653721	167845	164353	150275	142205	5109	5176	4617	142648	5160	5084	4638	149204	5341	5278	4851
3	19	3844351	99118	89052	103673	148136	3080	2720	3171	148331	3155	2802	3242	154940	3299	3031	3404
3	20	3675666	145593	158931	156004	142682	4443	5038	4944	143181	4580	4910	4859	149432	4829	5137	5276
4	5	3943895	70597	62594	59108	151433	2134	1822	1718	151612	2185	1925	1808	158332	2456	1930	1956
4	6	3826535	108793	104926	95940	147659	3436	3186	2826	147998	3300	3292	2940	154263	3541	3530	3340
4	7	11021384	517059	485340	525579	381270	14690	13468	16116	394236	15024	13931	16479	387190	14709	14024	16016
4	8	10463046	683587	732610	670119	367432	19634	22604	15874	380010	20180	23182	16298	373594	20028	22504	15813
4	9	11618940	330619	281879	317924	400456	10017	6317	8754	413263	10258	6870	9279	405823	10298	6641	9177
4	10	11082803	438900	492007	535652	385146	9524	13940	16934	398463	9789	14342	17076	391111	9789	14096	16943
4	11	11049115	491691	540115	468441	382366	13753	17010	12415	394833	14371	17535	12931	388135	13928	17113	12763
4	12	3624849	167845	164353	150275	144267	5347	5285	4745	160343	5831	5679	5361	155087	5676	5521	5041
4	13	3815479	99118	89052	103673	148377	3071	2673	5523	164818	3429	3070	5897	159216	3288	2942	5879
4	14	3646794	145593	158931	156004	142551	4576	7600	4917	158851	5098	7874	5391	153026	5042	7994	5263
4	15	3915023	70597	62594	59108	152197	3893	1857	1697	168551	4458	2111	2094	163161	4206	2026	1932
4	16	11562461	377215	365136	346685	370571	10229	9721	10901	372921	10112	9677	11226	359708	9828	9681	10443
4	17	11176141	498451	465587	511318	360750	13059	14206	13407	363685	13039	13706	13506	350125	12973	13584	12978
4	18	10555988	684550	734683	676276	342480	20233	20189	18520	345254	20209	20078	18395	332001	19650	19826	18183
4	19	11671784	337827	305089	336797	374451	9146	8569	9256	377014	9236	8499	9187	363903	8789	8108	8860
4	20	11181376	446153	499003	524965	362528	11857	13019	14018	364521	11931	13263	14221	351571	11528	12707	13854
5	6	11350612	431028	461582	408275	367831	10948	12076	10567	370441	10917	12089	10489	357290	10694	11584	10092
5	7	3660441	145593	158931	156004	155429	5009	5372	5371	149163	4721	5118	5126	144643	4551	4997	5036
5	8	11595221	293767	269563	263182	446437	13501	8419	8046	448508	13398	8516	7921	440130	13271	8693	7942
5	9	11323504	378178	367209	352842	441305	12409	11620	11069	443155	12485	11679	11024	435283	12425	11581	10747
5	10	10897086	505659	488797	530191	427451	15770	15632	17550	429083	16252	15648	17360	421570	15905	15281	17280
5	11	10322662	691803	741679	665589	410541	22113	24229	19520	412406	22250	24177	19510	404826	22038	24101	19071
5	12	11641382	277164	226556	276631	452298	8961	5582	9562	454031	9119	5615	9578	446362	8982	5396	9296
5	13	18531371	730086	809869	847660	659280	19814	22784	26216	643973	19441	22497	25859	650474	19659	22442	26100
5	14	19034141	632885	665303	586657	671183	18815	20874	17222	655018	18949	20761	17042	662312	18782	20584	16997
5	15	11541249	385431	374205	342155	380774	12389	10004	8153	359925	11528	9611	7647	373935	11668	9792	8049
5	16	18804333	703895	666901	737537	681500	19702	17986	20569	654788	18589	17383	19661	658131	18683	17874	19993
5	17	21534366	1150834	1223894	1127872	798217	33636	35730	31955	779643	32383	34680	31300	779586	32554	35188	31192
5	18	23580174	517476	440796	498520	859476	14056	11610	14396	838615	13749	11522	14120	840039	13502	11071	13908
5	19	22508944	787080	862364	878578	826358	21357	25436	26387	806343	21023	24855	25785	806407	20999	24879	26235
5	20	22609884	818982	818930	789170	829125	23627	24656	22130	809358	23364	23866	21418	810284	22963	23523	21750
6	7	14331601	741544	787178	707194	573110	23758	23744	20179	566733	23488	23581	19868	554457	22878	23072	19635
6	8	15045567	523924	458716	539310	594812	15094	13582	17303	588347	14934	13231	17158	575425	14656	13139	16822
6	9	13963271	802266	911976	890004	554365	23861	29130	33435	547553	23952	28775	33390	535866	23021	28375	32780
6	10	15069967	509956	510034	477560	587123	15893	20590	17185	580635	15662	20241	17132	568437	15187	19752	16666
6	11	7273246	278308	334650	374690	283466	10072	12769	14066	287879	10055	12811	14197	287449	10199	12963	14190
6	12	7251852	331910	372530	304602	284034	12708	13942	9689	288099	13007	14066	9770	288264	12839	14020	9678
6	13	0	0	0	0	0	0	0	0	0	0	0	0	0	0	0	0
6	14	0	0	0	0	0	0	0	0	0	0	0	0	0	0	0	0
6	15	0	0	0	0	0	0	0	0	0	0	0	0	0	0	0	0
6	16	0	0	0	0	0	0	0	0	0	0	0	0	0	0	0	0
6	17	0	0	0	0	0	0	0	0	0	0	0	0	0	0	0	0
6	18	0	0	0	0	0	0	0	0	0	0	0	0	0	0	0	0
6	19	0	0	0	0	0	0	0	0	0	0	0	0	0	0	0	0
6	20	0	0	0	0	0	0	0	0	0	0	0	0	0	0	0	0
7	8	0	0	0	0	0	0	0	0	0	0	0	0	0	0	0	0
7	9	0	0	0	0	0	0	0	0	0	0	0	0	0	0	0	0
7	10	0	0	0	0	0	0	0	0	0	0	0	0	0	0	0	0
7	11	0	0	0	0	0	0	0	0	0	0	0	0	0	0	0	0
7	12	0	0	0	0	0	0	0	0	0	0	0	0	0	0	0	0
7	13	0	0	0	0	0	0	0	0	0	0	0	0	0	0	0	0
7	14	0	0	0	0	0	0	0	0	0	0	0	0	0	0	0	0
7	15	0	0	0	0	0	0	0	0	0	0	0	0	0	0	0	0
7	16	0	0	0	0	0	0	0	0	0	0	0	0	0	0	0	0
7	17	0	0	0	0	0	0	0	0	0	0	0	0	0	0	0	0
7	18	0	0	0	0	0	0	0	0	0	0	0	0	0	0	0	0
7	19	0	0	0	0	0	0	0	0	0	0	0	0	0	0	0	0
7	20	0	0	0	0	0	0	0	0	0	0	0	0	0	0	0	0
8	9	0	0	0	0	0	0	0	0	0	0	0	0	0	0	0	0
8	10	0	0	0	0	0	0	0	0	0	0	0	0	0	0	0	0
8	11	0	0	0	0	0	0	0	0	0	0	0	0	0	0	0	0
8	12	0	0	0	0	0	0	0	0	0	0	0	0	0	0	0	0
8	13	0	0	0	0	0	0	0	0	0	0	0	0	0	0	0	0
8	14	0	0	0	0	0	0	0	0	0	0	0	0	0	0	0	0
8	15	0	0	0	0	0	0	0	0	0	0	0	0	0	0	0	0
8	16	0	0	0	0	0	0	0	0	0	0	0	0	0	0	0	0
8	17	0	0	0	0	0	0	0	0	0	0	0	0	0	0	0	0
8	18	0	0	0	0	0	0	0	0	0	0	0	0	0	0	0	0
8	19	0	0	0	0	0	0	0	0	0	0	0	0	0	0	0	0
8	20	0	0	0	0	0	0	0	0	0	0	0	0	0	0	0	0
9	10	0	0	0	0	0	0	0	0	0	0	0	0	0	0	0	0
9	11	0	0	0	0	0	0	0	0	0	0	0	0	0	0	0	0
9	12	0	0	0	0	0	0	0	0	0	0	0	0	0	0	0	0
9	13	0	0	0	0	0	0	0	0	0	0	0	0	0	0	0	0
9	14	0	0	0	0	0	0	0	0	0	0	0	0	0	0	0	0
9	15	0	0	0	0	0	0	0	0	0	0	0	0	0	0	0	0
9	16	0	0	0	0	0	0	0	0	0	0	0	0	0	0	0	0
9	17	0	0	0	0	0	0	0	0	0	0	0	0	0	0	0	0
9	18	0	0	0	0	0	0	0	0	0	0	0	0	0	0	0	0
9	19	0	0	0	0	0	0	0	0	0	0	0	0	0	0	0	0
9	20	0	0	0	0	0	0	0	0	0	0	0	0	0	0	0	0
10	11	0	0	0	0	0	0	0	0	0	0	0	0	0	0	0	0
10	12	0	0	0	0	0	0	0	0	0	0	0	0	0	0	0	0
10	13	0	0	0	0	0	0	0	0	0	0	0	0	0	0	0	0
10	14	0	0	0	0	0	0	0	0	0	0	0	0	0	0	0	0
10	15	0	0	0	0	0	0	0	0	0	0	0	0	0	0	0	0
10	16	0	0	0	0	0	0	0	0	0	0	0	0	0	0	0	0
10	17	0	0	0	0	0	0	0	0	0	0	0	0	0	0	0	0
10	18	0	0	0	0	0	0	0	0	0	0	0	0	0	0	0	0
10	19	0	0	0	0	0	0	0	0	0	0	0	0	0	0	0	0
10	20	0	0	0	0	0	0	0	0	0	0	0	0	0	0	0	0
11	12	0	0	0	0	0	0	0	0	0	0	0	0	0	0	0	0
11	13	0	0	0	0	0	0	0	0	0	0	0	0	0	0	0	0
11	14	0	0	0	0	0	0	0	0	0	0	0	0	0	0	0	0
11	15	0	0	0	0	0	0	0	0	0	0	0	0	0	0	0	0
11	16	0	0	0	0	0	0	0	0	0	0	0	0	0	0	0	0
11	17	0	0	0	0	0	0	0	0	0	0	0	0	0	0	0	0
11	18	0	0	0	0	0	0	0	0	0	0	0	0	0	0	0	0
11	19	0	0	0	0	0	0	0	0	0	0	0	0	0	0	0	0
11	20	0	0	0	0	0	0	0	0	0	0	0	0	0	0	0	0
12	13	0	0	0	0	0	0	0	0	0	0	0	0	0	0	0	0
12	14	0	0	0	0	0	0	0	0	0	0	0	0	0	0	0	0
12	15	0	0	0	0	0	0	0	0	0	0	0	0	0	0	0	0
12	16	0	0	0	0	0	0	0	0	0	0	0	0	0	0	0	0
12	17	0	0	0	0	0	0	0	0	0	0	0	0	0	0	0	0
12	18	0	0	0	0	0	0	0	0	0	0	0	0	0	0	0	0
12	19	0	0	0	0	0	0	0	0	0	0	0	0	0	0	0	0
12	20	0	0	0	0	0	0	0	0	0	0	0	0	0	0	0	0
13	14	0	0	0	0	0	0	0	0	0	0	0	0	0	0	0	0
13	15	0	0	0	0	0	0	0	0	0	0	0	0	0	0	0	0
13	16	0	0	0	0	0	0	0	0	0	0	0	0	0	0	0	0
13	17	0	0	0	0	0	0	0	0	0	0	0	0	0	0	0	0
13	18	0	0	0	0	0	0	0	0	0	0	0	0	0	0	0	0
13	19	0	0	0	0	0	0	0	0	0	0	0	0	0	0	0	0
13	20	0	0	0	0	0	0	0	0	0	0	0	0	0	0	0	0
14	15	0	0	0	0	0	0	0	0	0	0	0	0	0	0	0	0
14	16	0	0	0	0	0	0	0	0	0	0	0	0	0	0	0	0
14	17	0	0	0	0	0	0	0	0	0	0	0	0	0	0	0	0
14	18	0	0	0	0	0	0	0	0	0	0	0	0	0	0	0	0
14	19	0	0	0	0	0	0	0	0	0	0	0	0	0	0	0	0
14	20	0	0	0	0	0	0	0	0	0	0	0	0	0	0	0	0
15	16	0	0	0	0	0	0	0	0	0	0	0	0	0	0	0	0
15	17	0	0	0	0	0	0	0	0	0	0	0	0	0	0	0	0
15	18	0	0	0	0	0	0	0	0	0	0	0	0	0	0	0	0
15	19	0	0	0	0	0	0	0	0	0	0	0	0	0	0	0	0
15	20	0	0	0	0	0	0	0	0	0	0	0	0	0	0	0	0
16	17	0	0	0	0	0	0	0	0	0	0	0	0	0	0	0	0
16	18	0	0	0	0	0	0	0	0	0	0	0	0	0	0	0	0
16	19	0	0	0	0	0	0	0	0	0	0	0	0	0	0	0	0
16	20	0	0	0	0	0	0	0	0	0	0	0	0	0	0	0	0
17	18	0	0	0	0	0	0	0	0	0	0	0	0	0	0	0	0
17	19	0	0	0	0	0	0	0	0	0	0	0	0	0	0	0	0
17	20	0	0	0	0	0	0	0	0	0	0	0	0	0	0	0	0
18	19	0	0	0	0	0	0	0	0	0	0	0	0	0	0	0	0
18	20	0	0	0	0	0	0	0	0	0	0	0	0	0	0	0	0
19	20	0	0	0	0	0	0	0	0	0	0	0	0	0	0	0	0
