0.787265
0.366894
0.787265
0.787265
0.366894
0.787265
0.787265
0.366894
0.787265
0.854122
1.83274
1.83274
0.854122
1.83274
1.83274
0.854122
1.83274
1.83274
1
1
1
1
1
1
1
1
1
1
1
1
1
1
1
1
1
1
0.899848
0.899848
0.899848
0.899848
0.899848
0.899848
0.899848
0.899848
0.899848
1
1
1
1
1
1
1
1
1
0.962097
0.962097
0.962097
0.962097
0.962097
0.962097
0.962097
0.962097
0.962097
1
1
1
1
1
1
1
1
1
1
1
1
1
1
1
1
1
1
1
1
0.302849
1
1
0.302849
1
1
0.302849
0.436488
0.13219
0.336061
0.436488
0.13219
0.336061
0.436488
0.13219
0.336061
0.302849
0.76992
1
0.302849
0.76992
1
0.302849
0.76992
1
0.155358
0.201784
0.201784
0.155358
0.201784
0.201784
0.155358
0.201784
0.201784
0.478883
0.478883
0.759102
0.478883
0.478883
0.759102
0.478883
0.478883
0.759102
1.31809
2.08938
1.31809
1.31809
2.08938
1.31809
1.31809
2.08938
1.31809
8.07226
5.09242
5.09242
8.07226
5.09242
5.09242
8.07226
5.09242
5.09242
0.29419
0.29419
0.29419
0.29419
0.29419
0.29419
0.29419
0.29419
0.29419
1
1
1
1
1
1
1
1
1
1
1
1
1
1
1
1
1
1
1.44285
1.44285
1.44285
1.44285
1.44285
1.44285
1.44285
1.44285
1.44285
0.787265
0.787265
4.47371
0.787265
0.787265
4.47371
0.787265
0.787265
4.47371
0.787265
4.47371
0.787265
0.787265
4.47371
0.787265
0.787265
4.47371
0.787265
4.02566
0.708419
0.162864
4.02566
0.708419
0.162864
4.02566
0.708419
0.162864
0.787265
0.180991
0.336925
0.787265
0.180991
0.336925
0.787265
0.180991
0.336925
0.17413
0.324155
0.757425
0.17413
0.324155
0.757425
0.17413
0.324155
0.757425
0.336925
0.787265
1.31329
0.336925
0.787265
1.31329
0.336925
0.787265
1.31329
0.787265
1.31329
0.787265
0.787265
1.31329
0.787265
0.787265
1.31329
0.787265
1.31329
0.787265
0.787265
1.31329
0.787265
0.787265
1.31329
0.787265
0.787265
0.343632
0.343632
0.948379
0.343632
0.343632
0.948379
0.343632
0.343632
0.948379
0.787265
2.17275
0.446372
0.787265
2.17275
0.446372
0.787265
2.17275
0.446372
0.438427
0.090071
0.158858
0.438427
0.090071
0.158858
0.438427
0.090071
0.158858
0.21376
0.377008
0.377008
0.21376
0.377008
0.377008
0.21376
0.377008
0.377008
1.03769
1.03769
1.07194
1.03769
1.03769
1.07194
1.03769
1.03769
1.07194
4.00909
4.14141
4.00909
4.00909
4.14141
4.00909
4.00909
4.14141
4.00909
0.23925
0.231606
0.231606
0.23925
0.231606
0.231606
0.23925
0.231606
0.231606
0.787265
0.787265
0.787265
0.787265
0.787265
0.787265
0.787265
0.787265
0.787265
0.787265
0.787265
0.787265
0.787265
0.787265
0.787265
0.787265
0.787265
0.787265
1.83274
1.83274
0.912169
1.83274
1.83274
0.912169
1.83274
1.83274
0.912169
1.83274
0.912169
1.83274
1.83274
0.912169
1.83274
1.83274
0.912169
1.83274
0.820813
1.64919
3.91128
0.820813
1.64919
3.91128
0.820813
1.64919
3.91128
1.83274
4.3466
1.83274
1.83274
4.3466
1.83274
1.83274
4.3466
1.83274
4.18185
1.76327
1.76327
4.18185
1.76327
1.76327
4.18185
1.76327
1.76327
1.83274
1.83274
1.83274
1.83274
1.83274
1.83274
1.83274
1.83274
1.83274
1.83274
1.83274
1.83274
1.83274
1.83274
1.83274
1.83274
1.83274
1.83274
1.83274
1.83274
1.83274
1.83274
1.83274
1.83274
1.83274
1.83274
1.83274
0.799969
0.799969
0.398538
0.799969
0.799969
0.398538
0.799969
0.799969
0.398538
1.83274
0.913055
1.83274
1.83274
0.913055
1.83274
1.83274
0.913055
1.83274
0.18424
0.369818
0.369818
0.18424
0.369818
0.369818
0.18424
0.369818
0.369818
0.877667
0.877667
0.102042
0.877667
0.877667
0.102042
0.877667
0.877667
0.102042
2.41572
0.280863
2.41572
2.41572
0.280863
2.41572
2.41572
0.280863
2.41572
1.08511
9.33308
9.33308
1.08511
9.33308
9.33308
1.08511
9.33308
9.33308
0.539174
0.539174
0.539174
0.539174
0.539174
0.539174
0.539174
0.539174
0.539174
1.83274
1.83274
1.83274
1.83274
1.83274
1.83274
1.83274
1.83274
1.83274
1.83274
1.83274
1.83274
1.83274
1.83274
1.83274
1.83274
1.83274
1.83274
0.461123
1.78018
2.09367
0.461123
1.78018
2.09367
0.461123
1.78018
2.09367
1.60189
1.88399
0.899848
1.60189
1.88399
0.899848
1.60189
1.88399
0.899848
2.09367
1
1
2.09367
1
1
2.09367
1
1
0.962097
0.962097
0.962097
0.962097
0.962097
0.962097
0.962097
0.962097
0.962097
1
1
1
1
1
1
1
1
1
1
1
1
1
1
1
1
1
1
1
1
1
1
1
1
1
1
1
0.436488
0.436488
0.436488
0.436488
0.436488
0.436488
0.436488
0.436488
0.436488
1
1
1
1
1
1
1
1
1
0.201784
0.201784
0.201784
0.201784
0.201784
0.201784
0.201784
0.201784
0.201784
0.478883
0.478883
0.478883
0.478883
0.478883
0.478883
0.478883
0.478883
0.478883
1.31809
1.31809
1.31809
1.31809
1.31809
1.31809
1.31809
1.31809
1.31809
5.09242
5.09242
1.38893
5.09242
5.09242
1.38893
5.09242
5.09242
1.38893
0.29419
0.0802385
0.29419
0.29419
0.0802385
0.29419
0.29419
0.0802385
0.29419
0.272744
1
2.07438
0.272744
1
2.07438
0.272744
1
2.07438
1
2.07438
0.237678
1
2.07438
0.237678
1
2.07438
0.237678
0.899848
0.770135
1.10701
0.899848
0.770135
1.10701
0.899848
0.770135
1.10701
0.85585
1.23021
1
0.85585
1.23021
1
0.85585
1.23021
1
1.18359
0.962097
0.962097
1.18359
0.962097
0.962097
1.18359
0.962097
0.962097
1
1
1
1
1
1
1
1
1
1
1
1
1
1
1
1
1
1
1
1
1
1
1
1
1
1
1
0.436488
0.436488
1.28912
0.436488
0.436488
1.28912
0.436488
0.436488
1.28912
1
2.95338
1
1
2.95338
1
1
2.95338
1
0.595946
0.201784
0.201784
0.595946
0.201784
0.201784
0.595946
0.201784
0.201784
0.478883
0.478883
0.478883
0.478883
0.478883
0.478883
0.478883
0.478883
0.478883
1.31809
1.31809
1.31809
1.31809
1.31809
1.31809
1.31809
1.31809
1.31809
5.09242
5.09242
5.09242
5.09242
5.09242
5.09242
5.09242
5.09242
5.09242
0.29419
0.29419
0.29419
0.29419
0.29419
0.29419
0.29419
0.29419
0.29419
1
1
1.12279
1
1
1.12279
1
1
1.12279
1
1.12279
1
1
1.12279
1
1
1.12279
1
0.899848
0.899848
1.68316
0.899848
0.899848
1.68316
0.899848
0.899848
1.68316
0.865741
1.61936
0.865741
0.865741
1.61936
0.865741
0.865741
1.61936
0.865741
1.68316
0.899848
0.899848
1.68316
0.899848
0.899848
1.68316
0.899848
0.899848
0.899848
0.899848
0.899848
0.899848
0.899848
0.899848
0.899848
0.899848
0.899848
0.899848
0.899848
0.899848
0.899848
0.899848
0.899848
0.899848
0.899848
0.899848
0.392773
0.392773
0.392773
0.392773
0.392773
0.392773
0.392773
0.392773
0.392773
0.899848
0.899848
0.899848
0.899848
0.899848
0.899848
0.899848
0.899848
0.899848
0.181575
0.181575
0.181575
0.181575
0.181575
0.181575
0.181575
0.181575
0.181575
0.430922
0.430922
0.430922
0.430922
0.430922
0.430922
0.430922
0.430922
0.430922
1.18608
1.18608
1.59193
1.18608
1.18608
1.59193
1.18608
1.18608
1.59193
4.58241
6.1504
4.58241
4.58241
6.1504
4.58241
4.58241
6.1504
4.58241
0.35531
0.264727
0.448727
0.35531
0.264727
0.448727
0.35531
0.264727
0.448727
0.899848
1.52529
0.899848
0.899848
1.52529
0.899848
0.899848
1.52529
0.899848
1.52529
0.899848
0.899848
1.52529
0.899848
0.899848
1.52529
0.899848
0.899848
2.74465
0.962097
0.962097
2.74465
0.962097
0.962097
2.74465
0.962097
0.962097
1
1
1
1
1
1
1
1
1
1
1
1
1
1
1
1
1
1
1
1
0.372002
1
1
0.372002
1
1
0.372002
0.436488
0.162375
0.436488
0.436488
0.162375
0.436488
0.436488
0.162375
0.436488
0.372002
1
2.92071
0.372002
1
2.92071
0.372002
1
2.92071
0.201784
0.589354
0.201784
0.201784
0.589354
0.201784
0.201784
0.589354
0.201784
1.39868
0.478883
0.245994
1.39868
0.478883
0.245994
1.39868
0.478883
0.245994
1.31809
0.677084
1.31809
1.31809
0.677084
1.31809
1.31809
0.677084
1.31809
2.6159
5.09242
3.70611
2.6159
5.09242
3.70611
2.6159
5.09242
3.70611
0.29419
0.214103
0.29419
0.29419
0.214103
0.29419
0.29419
0.214103
0.29419
0.72777
1
1
0.72777
1
1
0.72777
1
1
1
1
1
1
1
1
1
1
1
1.52761
0.962097
0.962097
1.52761
0.962097
0.962097
1.52761
0.962097
0.962097
0.962097
0.962097
0.962097
0.962097
0.962097
0.962097
0.962097
0.962097
0.962097
0.962097
0.962097
0.962097
0.962097
0.962097
0.962097
0.962097
0.962097
0.962097
0.419944
0.419944
0.419944
0.419944
0.419944
0.419944
0.419944
0.419944
0.419944
0.962097
0.962097
0.364555
0.962097
0.962097
0.364555
0.962097
0.962097
0.364555
0.194136
0.0735615
0.194136
0.194136
0.0735615
0.194136
0.194136
0.0735615
0.194136
0.174579
0.460731
0.460731
0.174579
0.460731
0.460731
0.174579
0.460731
0.460731
1.26813
1.26813
1.26813
1.26813
1.26813
1.26813
1.26813
1.26813
1.26813
4.89941
4.89941
1.71985
4.89941
4.89941
1.71985
4.89941
4.89941
1.71985
0.28304
0.0993562
0.28304
0.28304
0.0993562
0.28304
0.28304
0.0993562
0.28304
0.337728
0.962097
0.962097
0.337728
0.962097
0.962097
0.337728
0.962097
0.962097
0.962097
0.962097
0.962097
0.962097
0.962097
0.962097
0.962097
0.962097
0.962097
0.608995
1
1
0.608995
1
1
0.608995
1
1
1
1
1
1
1
1
1
1
1
0.436488
0.436488
0.436488
0.436488
0.436488
0.436488
0.436488
0.436488
0.436488
1
1
1
1
1
1
1
1
1
0.201784
0.201784
0.0936653
0.201784
0.201784
0.0936653
0.201784
0.201784
0.0936653
0.478883
0.22229
0.329901
0.478883
0.22229
0.329901
0.478883
0.22229
0.329901
0.61184
0.908032
1.31809
0.61184
0.908032
1.31809
0.61184
0.908032
1.31809
3.50816
5.09242
5.09242
3.50816
5.09242
5.09242
3.50816
5.09242
5.09242
0.29419
0.29419
0.436052
0.29419
0.29419
0.436052
0.29419
0.29419
0.436052
1
1.48221
2.587
1
1.48221
2.587
1
1.48221
2.587
1.48221
2.587
1
1.48221
2.587
1
1.48221
2.587
1
0.995561
1
1
0.995561
1
1
0.995561
1
1
0.436488
0.436488
0.436488
0.436488
0.436488
0.436488
0.436488
0.436488
0.436488
1
1
1
1
1
1
1
1
1
0.201784
0.201784
0.20035
0.201784
0.201784
0.20035
0.201784
0.201784
0.20035
0.478883
0.475479
0.478883
0.478883
0.475479
0.478883
0.478883
0.475479
0.478883
1.30873
1.31809
1.31809
1.30873
1.31809
1.31809
1.30873
1.31809
1.31809
5.09242
5.09242
8.33263
5.09242
5.09242
8.33263
5.09242
5.09242
8.33263
0.29419
0.481378
0.501565
0.29419
0.481378
0.501565
0.29419
0.481378
0.501565
1.63628
1.7049
1
1.63628
1.7049
1
1.63628
1.7049
1
1.7049
1
1
1.7049
1
1
1.7049
1
1
0.436488
0.436488
0.23052
0.436488
0.436488
0.23052
0.436488
0.436488
0.23052
1
0.528123
1
1
0.528123
1
1
0.528123
1
0.106567
0.201784
0.201784
0.106567
0.201784
0.201784
0.106567
0.201784
0.201784
0.478883
0.478883
0.478883
0.478883
0.478883
0.478883
0.478883
0.478883
0.478883
1.31809
1.31809
1.31809
1.31809
1.31809
1.31809
1.31809
1.31809
1.31809
5.09242
5.09242
6.76926
5.09242
5.09242
6.76926
5.09242
5.09242
6.76926
0.29419
0.391062
0.29419
0.29419
0.391062
0.29419
0.29419
0.391062
0.29419
1.32928
1
5.49043
1.32928
1
5.49043
1.32928
1
5.49043
1
5.49043
1.25742
1
5.49043
1.25742
1
5.49043
1.25742
0.375072
0.116171
0.243286
0.375072
0.116171
0.243286
0.375072
0.116171
0.243286
0.0234414
0.0490912
0.0880765
0.0234414
0.0490912
0.0880765
0.0234414
0.0490912
0.0880765
0.116505
0.209026
0.209026
0.116505
0.209026
0.209026
0.116505
0.209026
0.209026
0.575332
0.575332
0.575332
0.575332
0.575332
0.575332
0.575332
0.575332
0.575332
2.22278
2.22278
2.57326
2.22278
2.22278
2.57326
2.22278
2.22278
2.57326
0.128411
0.148658
0.128411
0.128411
0.148658
0.128411
0.128411
0.148658
0.128411
0.505311
0.436488
0.610036
0.505311
0.436488
0.610036
0.505311
0.436488
0.610036
0.436488
0.610036
0.436488
0.436488
0.610036
0.436488
0.436488
0.610036
0.436488
0.637672
0.260851
0.201784
0.637672
0.260851
0.201784
0.637672
0.260851
0.201784
0.619062
0.478883
0.478883
0.619062
0.478883
0.478883
0.619062
0.478883
0.478883
1.31809
1.31809
1.31809
1.31809
1.31809
1.31809
1.31809
1.31809
1.31809
5.09242
5.09242
5.09242
5.09242
5.09242
5.09242
5.09242
5.09242
5.09242
0.29419
0.29419
0.29419
0.29419
0.29419
0.29419
0.29419
0.29419
0.29419
1
1
1
1
1
1
1
1
1
1
1
1
1
1
1
1
1
1
0.096631
0.096631
0.096631
0.096631
0.096631
0.096631
0.096631
0.096631
0.096631
0.265971
0.265971
0.265971
0.265971
0.265971
0.265971
0.265971
0.265971
0.265971
1.02757
1.02757
1.02757
1.02757
1.02757
1.02757
1.02757
1.02757
1.02757
0.059363
0.059363
0.059363
0.059363
0.059363
0.059363
0.059363
0.059363
0.059363
0.201784
0.201784
0.201784
0.201784
0.201784
0.201784
0.201784
0.201784
0.201784
0.201784
0.201784
0.201784
0.201784
0.201784
0.201784
0.201784
0.201784
0.201784
0.631212
0.631212
0.783226
0.631212
0.631212
0.783226
0.631212
0.631212
0.783226
2.43867
3.02598
1.67345
2.43867
3.02598
1.67345
2.43867
3.02598
1.67345
0.174811
0.0966755
0.140883
0.174811
0.0966755
0.140883
0.174811
0.0966755
0.140883
0.328616
0.478883
0.478883
0.328616
0.478883
0.478883
0.328616
0.478883
0.478883
0.478883
0.478883
1.2489
0.478883
0.478883
1.2489
0.478883
0.478883
1.2489
11.6203
19.3115
3.90737
11.6203
19.3115
3.90737
11.6203
19.3115
3.90737
1.11563
0.225729
0.319111
1.11563
0.225729
0.319111
1.11563
0.225729
0.319111
0.767291
1.08471
1.31809
0.767291
1.08471
1.31809
0.767291
1.08471
1.31809
1.08471
1.31809
1.31809
1.08471
1.31809
1.31809
1.08471
1.31809
1.31809
1.49814
1.18245
1.49814
1.49814
1.18245
1.49814
1.49814
1.18245
1.49814
4.01934
5.09242
5.09242
4.01934
5.09242
5.09242
4.01934
5.09242
5.09242
5.09242
5.09242
5.09242
5.09242
5.09242
5.09242
5.09242
5.09242
5.09242
0.29419
0.29419
0.349522
0.29419
0.29419
0.349522
0.29419
0.29419
0.349522
0.29419
0.349522
0.123018
0.29419
0.349522
0.123018
0.29419
0.349522
0.123018
1
1
1
1
1
1
1
1
1
