1
0.466036
1
1
1
1
1
1
1
1
1
0.302849
0.76992
1
1
1.58515
1
1
1
1
1
1
1
1
1
1
1.43964
1
1
0.785122
1
1
1
0.71657
1
1
1
1
1
1
1.59141
1
1
1
1
1
0.406762
5.15783
1
1
1
1
1
1
6.29595
0.658798
1
0.727665
1
1
1
1
1
1
0.584012
1
1
1
1
1
1
1
1
1.90529
1
1
1
1.55153
0.378153
0.244046
1
1
1
1
1
1
1.7096
1
1
1
1
1.55991
0.730832
1
1.14684
1
1
0.500307
1.17945
1
0.196561
1
1
0.498821
1
1
0.650506
1
1
1
0.281259
1
1
1
3.17959
1
1
1.66931
1
1
1
1
1
1
1
1.52514
1
1
1
1
1
0.546389
1
1
2.26966
0.73118
1
1
1
1
1.44823
2.17087
1
0.570832
1
1
1
1
1
1
1
1
1.83238
1
1
5.52419
1
1
9.15579
2.56271
2.80887
1
1.81633
1
3.18383
1
1
0.646503
1
1
10.9786
1
1
1
5.68259
1
0.229898
0.427969
1
1.66816
1
1
2.75987
0.566991
1
1
1.033
1
1
1
1
1
1
1
1
0.87826
1
0.608838
1
1
0.48423
0.30004
1
1
5.02892
1
1
3.75347
1
1.54624
1
1
1
1
0.33528
1
1
0.597243
1
1
1
1
1
1
1
1
1
1
1.00317
2.06011
1
1
1
0.353565
8.66849
1
0.233392
1
1
10.0124
1
1
1
1
1
1
1
0.159524
0.946357
1
1
1
1
1
1
1
1
1
1
1
3.00999
1
0.261097
1.05452
3.28179
1
3.95384
1
1
0.1143
1
0.129193
1
1
0.373916
1
0.45823
1
1
1
1
1
1
1
3.43618
1.19957
1
1
0.802141
0.244937
1
2.84253
1
1
1
1.4517
3.47734
1
1
2.31812
1
1
1
1
1
0.173571
1.01316
6.35539
1
1
1
2.85975
1
1
1
1
1
1
1
1
1
1
1
0.671585
0.708719
0.636822
1
1
1
0.386436
1.01702
1
1
1
1
0.497708
1
2.37164
1
1
1
1
1
0.498192
1
1
0.116265
1
1
1
1
1
1
1.81143
1
1
1
1
1
1
1
0.71331
1
1
1
2.88425
1
0.866426
1
1
0.642881
1
1
1
16.2562
1.63998
1
1.82435
1
1.71918
1
1.01386
1
0.611285
7.81458
1
1
1
0.263259
1
1
1
1
1
1
1
1
0.979861
1
1
0.23813
1
1
1
1.23983
1
1
1
0.329979
1
2.60569
1
0.328356
1
1
1
0.717562
1.26314
1
1
1
1
1
1
0.788108
0.124523
1
1
0.451408
1
2.70234
1
1
1
1
1
0.0153167
0.525281
1
1
1
1
0.149819
3.65656
1.4227
1
1.96329
0.287937
1
0.454963
1
0.577723
1
1.04724
1
1
1
0.240068
1
1
1
1
1
0.751709
1
1.15974
1
1
1
0.841434
1.0321
1
0.2967
1
1.04665
0.221248
0.777279
1
0.386544
1
1
1
1
1.1259
1
1
0.461123
1.78018
2.09367
1
1
1
1
1
1
1
1
1
1
1
0.272744
1
2.07438
0.237678
2.0814
1
11.283
1
1
0.70215
1
1
1
1
1
1
1
1
1
0.147663
1
1
1
0.656325
1
13.947
17.4384
1
0.780302
1
1
1
0.228247
15.2504
0.50207
1
1
0.143919
5.68531
1
1
1
0.23469
2.34801
1
0.784612
1
1
1
1
1.84797
1
1
1
1
1
1
1
1.52542
0.177928
1
2.82092
0.76281
0.695537
1.45723
1
1.20602
1
1
1
1
2.11144
1
1
1
0.267565
1
1
1
1
1.07286
1
2.55487
1
1
1
2.83019
1
0.93153
0.552527
0.651428
1
1
2.59656
1
0.836878
1
1
1
1
1.34687
1
1
1
0.623972
1
3.43947
1
1
4.45502
1
1
0.666179
1
1.51219
1
1
1
0.651971
1
1
3.99413
1.47338
9.8851
1
1
1.23269
13.9953
0.471507
7.10333
1
0.85585
1.23021
1
1
1
1
1
2.95338
1
1
1
1
1
1
1.12279
1
1
1
1
1
1
1
1
1
1
14.8857
1
6.01116
1
0.571164
1
0.48506
1
0.388009
0.234829
1
1
3.60242
1
1
1
0.117604
1.90725
1
1
3.35533
1
1
1
1
1.26898
1
0.159203
0.921446
1.57063
8.57796
1
1
1
1.73802
1
1
1
1
1
1
1
1.22673
0.843255
1
1
1
1
3.08947
1
1
1
0.918546
1
1
1
1
1.01012
1
1
1.83868
1
1
1
0.788404
1
1
1.93367
1
6.47658
1.06153
1
0.443167
1
1
0.867684
0.596702
0.389447
1.02588
0.476789
1
1
1.79424
1
1
1
1
0.497705
0.225672
1
1
3.11458
1
1
1
1
0.152207
1
1
0.595889
1
1
1
0.81107
1
1
1
0.124422
2.10305
1
1
1.87049
1
1
1
1
1
1
1
1
1.34218
1
1.69506
1
1
1
2.30841
1
1
0.438033
0.505097
1
1
1.3585
1
1
1.16814
1
1
1
1
1
1
1
1
1
1
0.327651
1.86507
1
1
0.65402
1
1
1.19398
0.233531
1
2.56829
1
1
1
1
1
5.08797
1
1
0.863964
1
1
1
0.596562
0.942845
0.130306
1
1
1.89645
1
1
1
1.45121
1
1
0.458117
1.35962
1
1.29599
1
1.83289
1
1
0.697526
1
1
1.10478
1
1
1
1
1
0.703969
0.493691
1
0.913732
1
1
1
0.90894
1
1
0.709499
1
1
1
0.804385
1
1
1.22467
0.42947
1
1
1
1
1.03407
1
1
1.1358
1.05634
1
1
1
0.887177
0.801926
1
1
1
2.85278
1
1
1
1
0.372002
1
2.92071
1
0.513684
1
0.72777
1
1
1
0.626971
1
1
6.07703
1
1
0.867046
1
1
2.82113
1
1
1
2.77402
1
0.91147
0.246938
1
0.458689
0.0985474
2.66372
1
1
3.12874
1
1
1.2901
1
1.17505
1
0.488657
1
0.883849
0.252037
1
1
1
0.459531
1.46473
1.2788
1
1
1.50176
0.369707
1
0.938223
1
0.259689
1
1
1
1
9.88691
1
0.695916
1.67874
1
1
1
1
1
1
1.04492
0.544969
1
1.07387
1.16516
2.78953
1
1
1
1
1
1
2.06147
1
1
1
1
1
1
1
1
1
1
3.00578
0.612488
1
1
0.233223
0.477831
1
1
0.660216
1
1
1
1
1
3.90638
1
1
1.58779
1
1
1
1
1
0.378917
1
1
1
0.351033
1
1
1
1
1.92767
1.25605
1
1
1
1
1
0.246709
1
1
1
1
1
1
1
1
1
1
1.83584
0.278157
1
1.90811
1
1
1
1
1
0.279272
1
1
1
1
3.98689
0.25603
0.0929535
0.354752
1
1
1
1
1
1
1
0.59269
1
1
2.75153
1
1.99334
1
1.79632
1
1
1
1
13.1457
1
1
0.835516
0.499708
1
1
15.506
1
6.61842
0.167982
1
1
1
1
1.21442
1
1
1
1
1
1
1
0.720105
1
1
3.68489
2.46129
1
1.2749
0.801088
1
1
1
1
0.482056
1
1
0.608995
1
1
1
1
1
0.464185
0.688898
1
1
1.48221
2.587
1
1
0.629247
1
2.11993
2.18254
1
7.15275
1
1
1
1
2.33524
1
1
1
1
1
1
0.584661
1
1
1
1
1
1
1.38441
1
1
2.64125
1
1.72358
1
1
1
1
1
1
0.677132
1.0021
1
1
1
1
0.173033
1
0.049932
1
1
1
2.40646
2.95588
1
1
1
1
1
1
1
1
1
3.08504
1
3.97349
1.77465
1
1
1
1
0.91812
1
1
1
1
0.375468
1
1
1
3.32045
1
1
1
1
2.53006
1
1
1
0.995561
1
1
1
1
0.992893
1
1
1.63628
1.7049
1
1
1
1.9872
1
1
1
1
1
1
1
1.88702
1
0.466159
0.439158
1
1
5.73248
1
1
1
0.183641
1
1
0.415647
1
3.01946
1
0.208797
0.272836
1
1
0.704108
0.292359
0.318846
1
1
1.39776
1
1
3.10971
1
1
1
1
0.926404
1
1
0.958172
1
0.700741
1
1
1
1
1
1
1
1
1
1
1
1.24019
1
0.472037
1
1
1
1
1
1
0.867589
1
1
1
1
1
1
1
1
1
1
0.528123
1
1
1
1
1.32928
1
5.49043
1.25742
1
1
1
1
0.852483
10.304
1
1
3.3466
1
0.207636
1
1
1
1
1
1
6.70361
1
1
1
2.31372
1
0.76549
1
1
1.60211
1
1
1
1
1
1
1
3.62438
1
0.295353
1
1
1
1
1
1
1
1
1
1
0.410139
1
1
1
1
0.104242
1
1
1
1
1
0.281432
1
1
1
1
0.830306
1
1
1
1
1
1
0.859295
0.266148
0.557371
1
1
1
1.15768
1
1.3976
1
0.964918
1.00558
1
1
1
1
1
1
1
1
5.93933
1
1
1
1
0.84283
1
0.634783
0.380369
1
1
1
0.643681
1
0.253052
1.7524
1
1.54216
0.523864
1
0.276639
2.82357
3.81808
1
1
1.50355
0.800135
1.53773
1
1
5.06602
1
0.272946
1
0.342625
1
1
0.773471
0.653586
1
1
1
2.39155
1
1.81165
1
1
2.53689
0.624862
1
1
2.29568
3.16017
1.29272
1
1
1
1
1
1
1
1
1
1
2.11962
0.424935
1
1
1
1
1
1
1
0.363899
1
1.41944
1
1
0.413188
1
1
1
1.54084
1.96318
1
1
0.902162
1
0.48768
4.26314
1.46205
0.999974
1
1
1
5.0286
1
2.33251
1
1
1
0.718825
1
2.09325
2.24885
1
1
1
1.4011
1
1.42554
0.202071
1
1
1
1
1
1
1
1
1
1
1
1
1
2.79359
1
1
0.621239
1
1
1
1
1
1
1
1
0.971815
2.01854
0.800081
1
1
1
1
1
1
1
1.07918
1
0.704446
1
0.210633
1
1
1
1
1
1
1
1
1
1
1.4893
1
1
0.608664
1
0.719374
1
1
1
1.24083
0.686213
1
1
2.60795
1
1
0.653556
0.346727
0.263891
1
1
0.411779
1
1
1
1
1
1
1
1
3.39325
0.375499
1
1
1
1
1
2.19682
1
0.23493
1
1
2.36524
3.05815
1
1.48396
1
1
1
0.495642
0.228062
1
1.7312
2.87704
0.582121
0.822939
1
1
1
0.519585
1
1
0.207727
1.7748
1
1
1
0.397297
1
1
1
1
1
0.441702
1
1
1
1
1
1.54318
1
1
1
1
0.426718
1
2.55646
1
1
0.789279
1
1
1
1
1
0.157665
1
1
1
1
1
1.29665
1
1
1
1
0.37668
1
1
1
1
1
1
5.24354
0.730393
1
1
1.18808
0.418158
1.4271
1.57059
1
1
1
1
1
1
0.75367
1
1.79091
0.543653
1
1
1
1
1
0.627101
1
1
0.521635
1
1
