pos1	A	C	G	T
1	7007499	7024	7036	6958
2	7007425	7020	7112	6960
3	7007461	7051	7035	6970
4	7007478	7020	7042	6977
5	7007456	7029	7041	6991
6	7007413	7039	7074	6991
7	7007471	7034	7058	6954
8	7007499	7063	7009	6946
9	7007427	7060	7035	6995
10	7007442	6998	7045	7032
11	7007447	7018	7084	6968
12	7007494	7028	7032	6963
13	7007428	7016	7107	6966
14	7007422	7097	7020	6978
15	7007497	6997	7011	7012
16	7007461	6992	7101	6963
17	7007446	7036	7062	6973
18	7007505	7005	7025	6982
19	7007510	7045	7013	6949
20	7007479	7033	7035	6970
