pos1	A	C	G	T
1	4956594	4933	5044	4912
2	4956574	4992	5016	4901
3	4956610	4974	5000	4899
4	4956577	5013	4953	4940
5	4956601	4959	4989	4934
6	4956594	5002	4979	4908
7	4956606	4922	5015	4940
8	4956577	4990	5053	4863
9	4956600	4981	4977	4925
10	4956590	4993	5006	4894
11	4956525	5019	4965	4974
12	4956593	5009	4959	4922
13	4956563	5006	4953	4961
14	4956586	4918	5026	4953
15	4956598	4984	5000	4901
16	4956615	4955	4968	4945
17	4956552	5042	5001	4888
18	4956611	5006	4926	4940
19	4956602	4936	5010	4935
20	4956618	4949	4954	4962
