pos1	A	C	G	T
1	6604638	260080	259803	259974
2	6591610	263342	267314	262229
3	6713198	227543	221994	221760
4	6636260	251751	252343	244141
5	6664220	249427	232612	238236
6	6650195	238237	245719	250344
7	6625506	249213	254824	254952
8	6600726	256152	264238	263379
9	6634638	249275	252279	248303
10	6647547	249445	242194	245309
11	6638985	241585	245352	258573
12	6448987	310707	320155	304646
13	6617986	263811	249441	253257
14	6348964	338645	346579	350307
15	6465394	301352	304272	313477
16	6671871	237023	248926	226675
17	6962425	147965	121610	152495
18	6401634	320941	339610	322310
19	6647030	270916	243061	223488
20	6661179	242825	223119	257372
