pos1	A	C	G	T
1	4166194	150138	149874	149299
2	4180096	147066	141250	147093
3	4058535	182319	187005	187646
4	4136194	157107	157530	164674
5	4107322	159644	177214	171325
6	4120969	171181	164128	159227
7	4145787	159629	155284	154805
8	4173591	152573	144375	144966
9	4136594	160592	157357	160962
10	4124300	159781	167585	163839
11	4133032	167845	164353	150275
12	4323662	99118	89052	103673
13	4154977	145593	158931	156004
14	4423206	70597	62594	59108
15	4305846	108793	104926	95940
16	4098784	172939	160606	183176
17	3807206	261979	288663	257657
18	4371251	89023	68752	86479
19	4121681	139154	167325	187345
20	4110984	165955	186265	152301
